#! FIELDS p.x file.free der_p.x
#! SET min_p.x -8.4
#! SET max_p.x 8.4
#! SET nbins_p.x  201
#! SET periodic_p.x false
   -8.400000000   -0.000000000   -0.000000000
   -8.316000000   -0.000000000   -0.000000000
   -8.232000000   -0.000000000   -0.000000000
   -8.148000000   -0.000000000   -0.000000000
   -8.064000000   -0.000000000   -0.000000000
   -7.980000000   -0.000000000   -0.000000000
   -7.896000000   -0.000000000   -0.000000000
   -7.812000000   -0.000000000   -0.000000000
   -7.728000000   -0.000000000   -0.000000000
   -7.644000000   -0.000000000   -0.000000000
   -7.560000000   -0.000000000   -0.000000000
   -7.476000000   -0.000000000   -0.000000000
   -7.392000000   -0.000000000   -0.000000000
   -7.308000000   -0.000000000   -0.000000000
   -7.224000000   -0.000000000   -0.000000000
   -7.140000000   -0.000000000   -0.000000000
   -7.056000000   -0.000000000   -0.000000000
   -6.972000000   -0.000000000   -0.000000000
   -6.888000000   -0.000000000   -0.000000000
   -6.804000000   -0.000000000   -0.000000000
   -6.720000000   -0.000000000   -0.000000000
   -6.636000000   -0.000000000   -0.000000000
   -6.552000000   -0.000000000   -0.000000000
   -6.468000000   -0.000000000   -0.000000000
   -6.384000000   -0.000000000   -0.000000000
   -6.300000000   -0.000000000   -0.000000000
   -6.216000000   -0.000000000   -0.000000000
   -6.132000000   -0.000000000   -0.000000000
   -6.048000000   -0.000096467   -0.001437974
   -5.964000000   -0.000373733   -0.005174990
   -5.880000000   -0.001265365   -0.016235453
   -5.796000000   -0.003649262   -0.042756355
   -5.712000000   -0.009543452   -0.101699546
   -5.628000000   -0.022718846   -0.219274464
   -5.544000000   -0.049064368   -0.424146792
   -5.460000000   -0.097641124   -0.752353628
   -5.376000000   -0.179854073   -1.227879500
   -5.292000000   -0.308601747   -1.856242492
   -5.208000000   -0.495587994   -2.606479476
   -5.124000000   -0.748370221   -3.408047755
   -5.040000000   -1.067245236   -4.159442757
   -4.956000000   -1.443122504   -4.750581667
   -4.872000000   -1.859238015   -5.112545475
   -4.788000000   -2.296157788   -5.252824910
   -4.704000000   -2.738113921   -5.247332452
   -4.620000000   -3.176811189   -5.187048614
   -4.536000000   -3.609821836   -5.114635794
   -4.452000000   -4.035617668   -5.009733326
   -4.368000000   -4.449836156   -4.832855000
   -4.284000000   -4.845644749   -4.574635299
   -4.200000000   -5.217523587   -4.268352664
   -4.116000000   -5.562639017   -3.938704270
   -4.032000000   -5.878023485   -3.548576165
   -3.948000000   -6.154491437   -2.997475950
   -3.864000000   -6.374528015   -2.197920504
   -3.780000000   -6.517005228   -1.172379669
   -3.696000000   -6.569226207   -0.090878703
   -3.612000000   -6.536618133    0.817782047
   -3.528000000   -6.441580781    1.370255115
   -3.444000000   -6.315311413    1.569083258
   -3.360000000   -6.182187986    1.572258848
   -3.276000000   -6.049670629    1.592297743
   -3.192000000   -5.909014053    1.776128450
   -3.108000000   -5.744064384    2.155110102
   -3.024000000   -5.541946428    2.645189150
   -2.940000000   -5.298822718    3.110176424
   -2.856000000   -5.021445843    3.435569295
   -2.772000000   -4.723987956    3.584939606
   -2.688000000   -4.421369210    3.577743848
   -2.604000000   -4.124323971    3.459736765
   -2.520000000   -3.839487487    3.304343639
   -2.436000000   -3.566434185    3.185866930
   -2.352000000   -3.299507992    3.171461382
   -2.268000000   -3.029019501    3.274067225
   -2.184000000   -2.746871219    3.430774618
   -2.100000000   -2.452990088    3.514345611
   -2.016000000   -2.160760816    3.375947258
   -1.932000000   -1.893807852    2.907948400
   -1.848000000   -1.680502764    2.115644972
   -1.764000000   -1.542966215    1.127168353
   -1.680000000   -1.489537472    0.153216729
   -1.596000000   -1.511193936   -0.641666048
   -1.512000000   -1.589158429   -1.175562185
   -1.428000000   -1.702016008   -1.489979483
   -1.344000000   -1.834990217   -1.671799653
   -1.260000000   -1.981137602   -1.814086859
   -1.176000000   -2.139579461   -1.972468448
   -1.092000000   -2.313696541   -2.196966873
   -1.008000000   -2.510267355   -2.496654377
   -0.924000000   -2.734757703   -2.856218157
   -0.840000000   -2.988833717   -3.170955126
   -0.756000000   -3.262242971   -3.292819614
   -0.672000000   -3.532091020   -3.065921466
   -0.588000000   -3.766741206   -2.464488942
   -0.504000000   -3.937655423   -1.582001027
   -0.420000000   -4.031015037   -0.658687293
   -0.336000000   -4.053929260    0.059242358
   -0.252000000   -4.031277545    0.412722079
   -0.168000000   -3.994514516    0.416964989
   -0.084000000   -3.965588947    0.251181162
    0.000000000   -3.948635158    0.179580423
    0.084000000   -3.927310071    0.379801516
    0.168000000   -3.876087742    0.864710143
    0.252000000   -3.776629818    1.503808977
    0.336000000   -3.623678826    2.100884670
    0.420000000   -3.425636948    2.571275416
    0.504000000   -3.192925028    2.951540631
    0.588000000   -2.929194377    3.318725190
    0.672000000   -2.633726887    3.694267672
    0.756000000   -2.309273587    4.002810413
    0.840000000   -1.966635800    4.096749902
    0.924000000   -1.627826390    3.916425943
    1.008000000   -1.314778769    3.488362151
    1.092000000   -1.043757953    2.938375007
    1.176000000   -0.819461704    2.390024439
    1.260000000   -0.638377249    1.932360381
    1.344000000   -0.491259855    1.572678945
    1.428000000   -0.370846606    1.304478892
    1.512000000   -0.270379156    1.073442139
    1.596000000   -0.188575991    0.869568188
    1.680000000   -0.123709807    0.666919725
    1.764000000   -0.075504065    0.475276483
    1.848000000   -0.042528690    0.311108106
    1.932000000   -0.021962043    0.185121388
    2.016000000   -0.010166827    0.096711874
    2.100000000   -0.004240604    0.045174928
    2.184000000   -0.001642054    0.019602908
    2.268000000   -0.000514266    0.006678447
    2.352000000   -0.000163275    0.002339793
    2.436000000   -0.000000000   -0.000000000
    2.520000000   -0.000000000   -0.000000000
    2.604000000   -0.000000000   -0.000000000
    2.688000000   -0.000000000   -0.000000000
    2.772000000   -0.000000000   -0.000000000
    2.856000000   -0.000000000   -0.000000000
    2.940000000   -0.000000000   -0.000000000
    3.024000000   -0.000000000   -0.000000000
    3.108000000   -0.000000000   -0.000000000
    3.192000000   -0.000000000   -0.000000000
    3.276000000   -0.000000000   -0.000000000
    3.360000000   -0.000000000   -0.000000000
    3.444000000   -0.000000000   -0.000000000
    3.528000000   -0.000000000   -0.000000000
    3.612000000   -0.000000000   -0.000000000
    3.696000000   -0.000000000   -0.000000000
    3.780000000   -0.000000000   -0.000000000
    3.864000000   -0.000000000   -0.000000000
    3.948000000   -0.000000000   -0.000000000
    4.032000000   -0.000000000   -0.000000000
    4.116000000   -0.000000000   -0.000000000
    4.200000000   -0.000000000   -0.000000000
    4.284000000   -0.000000000   -0.000000000
    4.368000000   -0.000000000   -0.000000000
    4.452000000   -0.000000000   -0.000000000
    4.536000000   -0.000000000   -0.000000000
    4.620000000   -0.000000000   -0.000000000
    4.704000000   -0.000000000   -0.000000000
    4.788000000   -0.000000000   -0.000000000
    4.872000000   -0.000000000   -0.000000000
    4.956000000   -0.000000000   -0.000000000
    5.040000000   -0.000000000   -0.000000000
    5.124000000   -0.000000000   -0.000000000
    5.208000000   -0.000000000   -0.000000000
    5.292000000   -0.000000000   -0.000000000
    5.376000000   -0.000000000   -0.000000000
    5.460000000   -0.000000000   -0.000000000
    5.544000000   -0.000000000   -0.000000000
    5.628000000   -0.000000000   -0.000000000
    5.712000000   -0.000000000   -0.000000000
    5.796000000   -0.000000000   -0.000000000
    5.880000000   -0.000000000   -0.000000000
    5.964000000   -0.000000000   -0.000000000
    6.048000000   -0.000000000   -0.000000000
    6.132000000   -0.000000000   -0.000000000
    6.216000000   -0.000000000   -0.000000000
    6.300000000   -0.000000000   -0.000000000
    6.384000000   -0.000000000   -0.000000000
    6.468000000   -0.000000000   -0.000000000
    6.552000000   -0.000000000   -0.000000000
    6.636000000   -0.000000000   -0.000000000
    6.720000000   -0.000000000   -0.000000000
    6.804000000   -0.000000000   -0.000000000
    6.888000000   -0.000000000   -0.000000000
    6.972000000   -0.000000000   -0.000000000
    7.056000000   -0.000000000   -0.000000000
    7.140000000   -0.000000000   -0.000000000
    7.224000000   -0.000000000   -0.000000000
    7.308000000   -0.000000000   -0.000000000
    7.392000000   -0.000000000   -0.000000000
    7.476000000   -0.000000000   -0.000000000
    7.560000000   -0.000000000   -0.000000000
    7.644000000   -0.000000000   -0.000000000
    7.728000000   -0.000000000   -0.000000000
    7.812000000   -0.000000000   -0.000000000
    7.896000000   -0.000000000   -0.000000000
    7.980000000   -0.000000000   -0.000000000
    8.064000000   -0.000000000   -0.000000000
    8.148000000   -0.000000000   -0.000000000
    8.232000000   -0.000000000   -0.000000000
    8.316000000   -0.000000000   -0.000000000
    8.400000000   -0.000000000   -0.000000000
