#! FIELDS p.x file.free der_p.x
#! SET min_p.x -8.4
#! SET max_p.x 8.4
#! SET nbins_p.x  201
#! SET periodic_p.x false
   -8.400000000   -0.000000000   -0.000000000
   -8.316000000   -0.000000000   -0.000000000
   -8.232000000   -0.000000000   -0.000000000
   -8.148000000   -0.000000000   -0.000000000
   -8.064000000   -0.000000000   -0.000000000
   -7.980000000   -0.000000000   -0.000000000
   -7.896000000   -0.000000000   -0.000000000
   -7.812000000   -0.000000000   -0.000000000
   -7.728000000   -0.000000000   -0.000000000
   -7.644000000   -0.000000000   -0.000000000
   -7.560000000   -0.000000000   -0.000000000
   -7.476000000   -0.000000000   -0.000000000
   -7.392000000   -0.000000000   -0.000000000
   -7.308000000   -0.000000000   -0.000000000
   -7.224000000   -0.000066334   -0.001015119
   -7.140000000   -0.000257904   -0.003666006
   -7.056000000   -0.000805868   -0.010406393
   -6.972000000   -0.002257876   -0.026231371
   -6.888000000   -0.005675243   -0.058615589
   -6.804000000   -0.012803979   -0.115814750
   -6.720000000   -0.025942657   -0.201536138
   -6.636000000   -0.047230621   -0.306907165
   -6.552000000   -0.077359364   -0.405435228
   -6.468000000   -0.114072271   -0.456257662
   -6.384000000   -0.151701366   -0.422898232
   -6.300000000   -0.182802293   -0.302303610
   -6.216000000   -0.201316160   -0.137241432
   -6.132000000   -0.207312502   -0.020321862
   -6.048000000   -0.209435389   -0.059115960
   -5.964000000   -0.224007820   -0.328066159
   -5.880000000   -0.271976023   -0.848060878
   -5.796000000   -0.372381395   -1.563653475
   -5.712000000   -0.537533102   -2.368768218
   -5.628000000   -0.770145548   -3.145735625
   -5.544000000   -1.062682694   -3.790056209
   -5.460000000   -1.402772525   -4.270664167
   -5.376000000   -1.776654070   -4.605831025
   -5.292000000   -2.174783947   -4.860918025
   -5.208000000   -2.593290099   -5.101622904
   -5.124000000   -3.032748952   -5.360265156
   -5.040000000   -3.495109148   -5.637876144
   -4.956000000   -3.979694224   -5.882042655
   -4.872000000   -4.481231854   -6.026763996
   -4.788000000   -4.988222260   -6.006974172
   -4.704000000   -5.485833995   -5.804571372
   -4.620000000   -5.960328325   -5.467685056
   -4.536000000   -6.403751564   -5.090801400
   -4.452000000   -6.817673791   -4.778443700
   -4.368000000   -7.210787362   -4.609152043
   -4.284000000   -7.595234487   -4.552575081
   -4.200000000   -7.976820993   -4.521419942
   -4.116000000   -8.351807291   -4.378755614
   -4.032000000   -8.706044795   -4.014109864
   -3.948000000   -9.019136300   -3.416886952
   -3.864000000   -9.274797207   -2.662629539
   -3.780000000   -9.465929316   -1.902708132
   -3.696000000   -9.597678698   -1.281190792
   -3.612000000   -9.684395682   -0.803106972
   -3.528000000   -9.733715457   -0.388159273
   -3.444000000   -9.743936571    0.154965312
   -3.360000000   -9.699461678    0.924723447
   -3.276000000   -9.583734671    1.814045726
   -3.192000000   -9.398023320    2.536338894
   -3.108000000   -9.167984100    2.817411300
   -3.024000000   -8.935078637    2.641151886
   -2.940000000   -8.728040781    2.260269973
   -2.856000000   -8.546612761    2.082788308
   -2.772000000   -8.362765660    2.338950664
   -2.688000000   -8.142377822    2.915778925
   -2.604000000   -7.871319599    3.476359415
   -2.520000000   -7.565526860    3.719722819
   -2.436000000   -7.255235659    3.580509534
   -2.352000000   -6.967372121    3.218219888
   -2.268000000   -6.713603024    2.805337010
   -2.184000000   -6.495190164    2.359320888
   -2.100000000   -6.317882276    1.805222402
   -2.016000000   -6.194934402    1.074980760
   -1.932000000   -6.139432038    0.226623226
   -1.848000000   -6.153328198   -0.550724040
   -1.764000000   -6.222713751   -1.080788137
   -1.680000000   -6.324492647   -1.333936846
   -1.596000000   -6.440790383   -1.442306029
   -1.512000000   -6.566850900   -1.579921201
   -1.428000000   -6.707066933   -1.782092330
   -1.344000000   -6.863797838   -1.951073974
   -1.260000000   -7.029509858   -1.989630261
   -1.176000000   -7.193024988   -1.908923460
   -1.092000000   -7.350716798   -1.886104338
   -1.008000000   -7.514604274   -2.069244945
   -0.924000000   -7.703462756   -2.450777134
   -0.840000000   -7.927050664   -2.861680647
   -0.756000000   -8.177605303   -3.078937852
   -0.672000000   -8.433790003   -2.982004617
   -0.588000000   -8.671457385   -2.674763793
   -0.504000000   -8.880136027   -2.316194400
   -0.420000000   -9.063672446   -2.091921290
   -0.336000000   -9.235963634   -2.048089078
   -0.252000000   -9.408139328   -2.071726064
   -0.168000000   -9.576988723   -1.926377867
   -0.084000000   -9.718031445   -1.366959544
    0.000000000   -9.792482096   -0.356239643
    0.084000000   -9.769893701    0.890685015
    0.168000000   -9.645004290    1.999170217
    0.252000000   -9.442834015    2.711712779
    0.336000000   -9.198512034    3.038949373
    0.420000000   -8.932367557    3.265801186
    0.504000000   -8.642027400    3.667516633
    0.588000000   -8.309197538    4.250103196
    0.672000000   -7.926976845    4.783863613
    0.756000000   -7.511665565    5.012540339
    0.840000000   -7.094094289    4.851850477
    0.924000000   -6.700783629    4.463063218
    1.008000000   -6.339270934    4.130446610
    1.092000000   -5.995143410    4.067946996
    1.176000000   -5.643826945    4.312170385
    1.260000000   -5.264423629    4.720221650
    1.344000000   -4.850993059    5.063096016
    1.428000000   -4.418171298    5.164449636
    1.512000000   -3.991138944    4.898582312
    1.596000000   -3.601318462    4.306339531
    1.680000000   -3.271809768    3.501527236
    1.764000000   -3.013550004    2.637758799
    1.848000000   -2.824474554    1.871491658
    1.932000000   -2.692976752    1.273285036
    2.016000000   -2.605081404    0.822955977
    2.100000000   -2.551839988    0.424336846
    2.184000000   -2.534762490   -0.043844162
    2.268000000   -2.563686394   -0.694680228
    2.352000000   -2.655716966   -1.529218385
    2.436000000   -2.823682307   -2.489390968
    2.520000000   -3.071815154   -3.407686878
    2.604000000   -3.391409689   -4.158772803
    2.688000000   -3.764149441   -4.681532134
    2.772000000   -4.172322388   -5.013383972
    2.856000000   -4.604434502   -5.280096883
    2.940000000   -5.061136913   -5.601936115
    3.024000000   -5.548847495   -6.022863470
    3.108000000   -6.074483848   -6.489222652
    3.192000000   -6.637602256   -6.906801013
    3.276000000   -7.231690720   -7.210598980
    3.360000000   -7.847154566   -7.424213011
    3.444000000   -8.479347704   -7.626552935
    3.528000000   -9.130287930   -7.870847094
    3.612000000   -9.802537426   -8.123177230
    3.696000000  -10.492024743   -8.256502546
    3.780000000  -11.180670051   -8.074507315
    3.864000000  -11.837019544   -7.487191081
    3.948000000  -12.429515614   -6.593794427
    4.032000000  -12.944346158   -5.677893196
    4.116000000  -13.390498790   -5.007968437
    4.200000000  -13.793596449   -4.653115762
    4.284000000  -14.175363750   -4.439736550
    4.368000000  -14.535076739   -4.109498208
    4.452000000  -14.855591602   -3.477783640
    4.536000000  -15.111123792   -2.601044949
    4.620000000  -15.287710786   -1.631246660
    4.704000000  -15.385042338   -0.726793759
    4.788000000  -15.412190969    0.042088539
    4.872000000  -15.377907075    0.725191463
    4.956000000  -15.286288423    1.419583020
    5.040000000  -15.135472981    2.138427344
    5.124000000  -14.925331347    2.815079006
    5.208000000  -14.663982959    3.342361785
    5.292000000  -14.366215816    3.677557646
    5.376000000  -14.045627105    3.898844943
    5.460000000  -13.705248017    4.181751154
    5.544000000  -13.333235448    4.696133379
    5.628000000  -12.905618892    5.471323548
    5.712000000  -12.403133247    6.456581435
    5.796000000  -11.815454113    7.462645768
    5.880000000  -11.150940131    8.275693867
    5.964000000  -10.433734140    8.662692369
    6.048000000   -9.704895973    8.555765404
    6.132000000   -9.003980357    8.029646476
    6.216000000   -8.356248270    7.333268169
    6.300000000   -7.763884275    6.774437700
    6.384000000   -7.206388899    6.508188726
    6.468000000   -6.658595089    6.512134554
    6.552000000   -6.104097988    6.642937951
    6.636000000   -5.538801550    6.777710300
    6.720000000   -4.964188204    6.851012265
    6.804000000   -4.385682438    6.867138495
    6.888000000   -3.810074806    6.766938406
    6.972000000   -3.251367150    6.457596660
    7.056000000   -2.729400950    5.893095695
    7.140000000   -2.263366770    5.163144570
    7.224000000   -1.860243707    4.425772483
    7.308000000   -1.514108336    3.822198589
    7.392000000   -1.211200238    3.377270938
    7.476000000   -0.941264609    3.032585322
    7.560000000   -0.700492155    2.677232287
    7.644000000   -0.492647436    2.247441863
    7.728000000   -0.323710729    1.750097181
    7.812000000   -0.197029908    1.247583883
    7.896000000   -0.110574642    0.811557795
    7.980000000   -0.057001900    0.480207575
    8.064000000   -0.026687175    0.254339793
    8.148000000   -0.011208195    0.119036296
    8.232000000   -0.004138092    0.048282221
    8.316000000   -0.001277499    0.016165520
    8.400000000   -0.000417276    0.005836339
