#! FIELDS p.x file.free der_p.x
#! SET min_p.x -8.4
#! SET max_p.x 8.4
#! SET nbins_p.x  201
#! SET periodic_p.x false
   -8.400000000   -0.000000000   -0.000000000
   -8.316000000   -0.000000000   -0.000000000
   -8.232000000   -0.000000000   -0.000000000
   -8.148000000   -0.000000000   -0.000000000
   -8.064000000   -0.000000000   -0.000000000
   -7.980000000   -0.000000000   -0.000000000
   -7.896000000   -0.000000000   -0.000000000
   -7.812000000   -0.000000000   -0.000000000
   -7.728000000   -0.000000000   -0.000000000
   -7.644000000   -0.000000000   -0.000000000
   -7.560000000   -0.000000000   -0.000000000
   -7.476000000   -0.000000000   -0.000000000
   -7.392000000   -0.000000000   -0.000000000
   -7.308000000   -0.000000000   -0.000000000
   -7.224000000   -0.000000000   -0.000000000
   -7.140000000   -0.000000000   -0.000000000
   -7.056000000   -0.000000000   -0.000000000
   -6.972000000   -0.000000000   -0.000000000
   -6.888000000   -0.000000000   -0.000000000
   -6.804000000   -0.000000000   -0.000000000
   -6.720000000   -0.000000000   -0.000000000
   -6.636000000   -0.000000000   -0.000000000
   -6.552000000   -0.000000000   -0.000000000
   -6.468000000   -0.000000000   -0.000000000
   -6.384000000   -0.000000000   -0.000000000
   -6.300000000   -0.000000000   -0.000000000
   -6.216000000   -0.000000000   -0.000000000
   -6.132000000   -0.000000000   -0.000000000
   -6.048000000   -0.000000000   -0.000000000
   -5.964000000   -0.000000000   -0.000000000
   -5.880000000   -0.000000000   -0.000000000
   -5.796000000   -0.000000000   -0.000000000
   -5.712000000   -0.000000000   -0.000000000
   -5.628000000   -0.000000000   -0.000000000
   -5.544000000   -0.000000000   -0.000000000
   -5.460000000   -0.000000000   -0.000000000
   -5.376000000   -0.000000000   -0.000000000
   -5.292000000   -0.000064666   -0.000991313
   -5.208000000   -0.000352456   -0.005103450
   -5.124000000   -0.001347293   -0.018192122
   -5.040000000   -0.004485300   -0.056511199
   -4.956000000   -0.012458269   -0.142914649
   -4.872000000   -0.031210269   -0.322672126
   -4.788000000   -0.071072202   -0.655608887
   -4.704000000   -0.147388127   -1.198012687
   -4.620000000   -0.279063282   -1.969075906
   -4.536000000   -0.483061210   -2.900927431
   -4.452000000   -0.766309391   -3.818485016
   -4.368000000   -1.117286583   -4.469034655
   -4.284000000   -1.503262285   -4.621377883
   -4.200000000   -1.877471260   -4.192497142
   -4.116000000   -2.195218907   -3.318648617
   -4.032000000   -2.431458177   -2.309061734
   -3.948000000   -2.588604322   -1.482806192
   -3.864000000   -2.691027560   -1.015800146
   -3.780000000   -2.768712736   -0.873900308
   -3.696000000   -2.842349414   -0.885901047
   -3.612000000   -2.916796351   -0.866158280
   -3.528000000   -2.983926771   -0.702327356
   -3.444000000   -3.030316901   -0.377481764
   -3.360000000   -3.044349907    0.054402546
   -3.276000000   -3.020230544    0.514570432
   -3.192000000   -2.958778817    0.932726642
   -3.108000000   -2.864800425    1.269679258
   -3.024000000   -2.745623986    1.551153874
   -2.940000000   -2.604538257    1.800650685
   -2.856000000   -2.442567367    2.047869502
   -2.772000000   -2.259679614    2.295741804
   -2.688000000   -2.057165013    2.503364902
   -2.604000000   -1.840978114    2.611796459
   -2.520000000   -1.621856925    2.564659203
   -2.436000000   -1.413856214    2.351766309
   -2.352000000   -1.229285584    2.014965197
   -2.268000000   -1.075142589    1.651818438
   -2.184000000   -0.949352014    1.356022028
   -2.100000000   -0.843208308    1.175270447
   -2.016000000   -0.748357157    1.087820285
   -1.932000000   -0.660363194    0.987085339
   -1.848000000   -0.585098916    0.772006622
   -1.764000000   -0.534849634    0.391355056
   -1.680000000   -0.522641176   -0.118659472
   -1.596000000   -0.555717943   -0.671615304
   -1.512000000   -0.633834356   -1.173006004
   -1.428000000   -0.750010722   -1.579307842
   -1.344000000   -0.896493620   -1.894693321
   -1.260000000   -1.067284723   -2.164301590
   -1.176000000   -1.260349553   -2.440375406
   -1.092000000   -1.478658742   -2.772110772
   -1.008000000   -1.727739508   -3.164578239
   -0.924000000   -2.010669217   -3.565245734
   -0.840000000   -2.323503849   -3.847595063
   -0.756000000   -2.650127867   -3.870353524
   -0.672000000   -2.963969904   -3.540269192
   -0.588000000   -3.236163725   -2.890879755
   -0.504000000   -3.444323568   -2.053145050
   -0.420000000   -3.581556226   -1.234176894
   -0.336000000   -3.657270398   -0.613128982
   -0.252000000   -3.693145509   -0.290987795
   -0.168000000   -3.714187020   -0.244565762
   -0.084000000   -3.737533441   -0.322271918
    0.000000000   -3.765208087   -0.311057573
    0.084000000   -3.782488450   -0.051506375
    0.168000000   -3.765751206    0.476310038
    0.252000000   -3.697124079    1.160362513
    0.336000000   -3.570663069    1.820027539
    0.420000000   -3.393227800    2.362656904
    0.504000000   -3.175108665    2.816031856
    0.588000000   -2.920285918    3.239433114
    0.672000000   -2.629768320    3.654026892
    0.756000000   -2.307680724    3.984477373
    0.840000000   -1.966063283    4.089391057
    0.924000000   -1.627642580    3.913816305
    1.008000000   -1.314778769    3.488362151
    1.092000000   -1.043757953    2.938375007
    1.176000000   -0.819461704    2.390024439
    1.260000000   -0.638377249    1.932360381
    1.344000000   -0.491259855    1.572678945
    1.428000000   -0.370846606    1.304478892
    1.512000000   -0.270379156    1.073442139
    1.596000000   -0.188575991    0.869568188
    1.680000000   -0.123709807    0.666919725
    1.764000000   -0.075504065    0.475276483
    1.848000000   -0.042528690    0.311108106
    1.932000000   -0.021962043    0.185121388
    2.016000000   -0.010166827    0.096711874
    2.100000000   -0.004240604    0.045174928
    2.184000000   -0.001642054    0.019602908
    2.268000000   -0.000514266    0.006678447
    2.352000000   -0.000163275    0.002339793
    2.436000000   -0.000000000   -0.000000000
    2.520000000   -0.000000000   -0.000000000
    2.604000000   -0.000000000   -0.000000000
    2.688000000   -0.000000000   -0.000000000
    2.772000000   -0.000000000   -0.000000000
    2.856000000   -0.000000000   -0.000000000
    2.940000000   -0.000000000   -0.000000000
    3.024000000   -0.000000000   -0.000000000
    3.108000000   -0.000000000   -0.000000000
    3.192000000   -0.000000000   -0.000000000
    3.276000000   -0.000000000   -0.000000000
    3.360000000   -0.000000000   -0.000000000
    3.444000000   -0.000000000   -0.000000000
    3.528000000   -0.000000000   -0.000000000
    3.612000000   -0.000000000   -0.000000000
    3.696000000   -0.000000000   -0.000000000
    3.780000000   -0.000000000   -0.000000000
    3.864000000   -0.000000000   -0.000000000
    3.948000000   -0.000000000   -0.000000000
    4.032000000   -0.000000000   -0.000000000
    4.116000000   -0.000000000   -0.000000000
    4.200000000   -0.000000000   -0.000000000
    4.284000000   -0.000000000   -0.000000000
    4.368000000   -0.000000000   -0.000000000
    4.452000000   -0.000000000   -0.000000000
    4.536000000   -0.000000000   -0.000000000
    4.620000000   -0.000000000   -0.000000000
    4.704000000   -0.000000000   -0.000000000
    4.788000000   -0.000000000   -0.000000000
    4.872000000   -0.000000000   -0.000000000
    4.956000000   -0.000000000   -0.000000000
    5.040000000   -0.000000000   -0.000000000
    5.124000000   -0.000000000   -0.000000000
    5.208000000   -0.000000000   -0.000000000
    5.292000000   -0.000000000   -0.000000000
    5.376000000   -0.000000000   -0.000000000
    5.460000000   -0.000000000   -0.000000000
    5.544000000   -0.000000000   -0.000000000
    5.628000000   -0.000000000   -0.000000000
    5.712000000   -0.000000000   -0.000000000
    5.796000000   -0.000000000   -0.000000000
    5.880000000   -0.000000000   -0.000000000
    5.964000000   -0.000000000   -0.000000000
    6.048000000   -0.000000000   -0.000000000
    6.132000000   -0.000000000   -0.000000000
    6.216000000   -0.000000000   -0.000000000
    6.300000000   -0.000000000   -0.000000000
    6.384000000   -0.000000000   -0.000000000
    6.468000000   -0.000000000   -0.000000000
    6.552000000   -0.000000000   -0.000000000
    6.636000000   -0.000000000   -0.000000000
    6.720000000   -0.000000000   -0.000000000
    6.804000000   -0.000000000   -0.000000000
    6.888000000   -0.000000000   -0.000000000
    6.972000000   -0.000000000   -0.000000000
    7.056000000   -0.000000000   -0.000000000
    7.140000000   -0.000000000   -0.000000000
    7.224000000   -0.000000000   -0.000000000
    7.308000000   -0.000000000   -0.000000000
    7.392000000   -0.000000000   -0.000000000
    7.476000000   -0.000000000   -0.000000000
    7.560000000   -0.000000000   -0.000000000
    7.644000000   -0.000000000   -0.000000000
    7.728000000   -0.000000000   -0.000000000
    7.812000000   -0.000000000   -0.000000000
    7.896000000   -0.000000000   -0.000000000
    7.980000000   -0.000000000   -0.000000000
    8.064000000   -0.000000000   -0.000000000
    8.148000000   -0.000000000   -0.000000000
    8.232000000   -0.000000000   -0.000000000
    8.316000000   -0.000000000   -0.000000000
    8.400000000   -0.000000000   -0.000000000
