#! FIELDS p.x file.free der_p.x
#! SET min_p.x -8.4
#! SET max_p.x 8.4
#! SET nbins_p.x  201
#! SET periodic_p.x false
   -8.400000000   -2.642504535   -5.065767327
   -8.316000000   -2.999173762   -3.376794361
   -8.232000000   -3.211010880   -1.717189786
   -8.148000000   -3.302934457   -0.580511407
   -8.064000000   -3.328254859   -0.124703519
   -7.980000000   -3.338354678   -0.167381361
   -7.896000000   -3.361203052   -0.377057098
   -7.812000000   -3.399509464   -0.504720772
   -7.728000000   -3.441750421   -0.472800665
   -7.644000000   -3.476374045   -0.339342412
   -7.560000000   -3.498852831   -0.195881558
   -7.476000000   -3.510789637   -0.092578546
   -7.392000000   -3.515645556   -0.045782848
   -7.308000000   -3.517864554   -0.022281499
   -7.224000000   -3.520179013   -0.048734549
   -7.140000000   -3.528059125   -0.170719510
   -7.056000000   -3.552623702   -0.432597272
   -6.972000000   -3.604748961   -0.852168599
   -6.888000000   -3.697504733   -1.368073165
   -6.804000000   -3.834572936   -1.906307900
   -6.720000000   -4.014088760   -2.350422651
   -6.636000000   -4.224420374   -2.623662159
   -6.552000000   -4.447643731   -2.661020329
   -6.468000000   -4.664100349   -2.460955867
   -6.384000000   -4.856650327   -2.114149621
   -6.300000000   -5.019467849   -1.777151855
   -6.216000000   -5.158880571   -1.584797325
   -6.132000000   -5.291347615   -1.609083847
   -6.048000000   -5.435259054   -1.847274436
   -5.964000000   -5.606026625   -2.234294754
   -5.880000000   -5.814346265   -2.744846598
   -5.796000000   -6.069127980   -3.341944876
   -5.712000000   -6.376327567   -3.976103180
   -5.628000000   -6.735804305   -4.555528669
   -5.544000000   -7.137592302   -4.979202623
   -5.460000000   -7.566911112   -5.215142882
   -5.376000000   -8.008246806   -5.281336411
   -5.292000000   -8.451761173   -5.278214466
   -5.208000000   -8.894555835   -5.267064032
   -5.124000000   -9.338317314   -5.326952812
   -5.040000000   -9.792797275   -5.515380573
   -4.956000000  -10.270030365   -5.888662451
   -4.872000000  -10.784092641   -6.360540495
   -4.788000000  -11.334796980   -6.708707324
   -4.704000000  -11.899405078   -6.664413228
   -4.620000000  -12.439837050   -6.129517406
   -4.536000000  -12.920848920   -5.314584606
   -4.452000000  -13.334178014   -4.584501351
   -4.368000000  -13.701368353   -4.266399877
   -4.284000000  -14.060654833   -4.349541133
   -4.200000000  -14.436559746   -4.605162211
   -4.116000000  -14.829023660   -4.708178444
   -4.032000000  -15.214313024   -4.410345236
   -3.948000000  -15.556408831   -3.698508160
   -3.864000000  -15.825452161   -2.683108171
   -3.780000000  -16.003710563   -1.579212644
   -3.696000000  -16.092128416   -0.604391723
   -3.612000000  -16.109925503    0.112271267
   -3.528000000  -16.080754861    0.474404135
   -3.444000000  -16.033119697    0.605944747
   -3.360000000  -15.979255932    0.643851860
   -3.276000000  -15.919683814    0.767517792
   -3.192000000  -15.844293819    1.016683465
   -3.108000000  -15.742366621    1.360672497
   -3.024000000  -15.609241345    1.776897081
   -2.940000000  -15.438625177    2.260547269
   -2.856000000  -15.222242823    2.857983157
   -2.772000000  -14.951484371    3.545765511
   -2.688000000  -14.625341576    4.144301942
   -2.604000000  -14.260268744    4.427219987
   -2.520000000  -13.891147315    4.254804431
   -2.436000000  -13.554588169    3.650262547
   -2.352000000  -13.279324330    2.836666077
   -2.268000000  -13.073996199    2.043977764
   -2.184000000  -12.929714384    1.368452643
   -2.100000000  -12.835032134    0.871091448
   -2.016000000  -12.774997202    0.544428203
   -1.932000000  -12.733707253    0.442805414
   -1.848000000  -12.689779463    0.606480371
   -1.764000000  -12.622780380    0.962925970
   -1.680000000  -12.525566455    1.273923030
   -1.596000000  -12.416260441    1.205384426
   -1.512000000  -12.336575142    0.576241746
   -1.428000000  -12.328789297   -0.461733284
   -1.344000000  -12.411396882   -1.491636632
   -1.260000000  -12.565756342   -2.139520197
   -1.176000000  -12.752602604   -2.258904069
   -1.092000000  -12.934554788   -2.074524160
   -1.008000000  -13.098083351   -1.868933222
   -0.924000000  -13.249549161   -1.782278008
   -0.840000000  -13.398649180   -1.797491440
   -0.756000000  -13.550031141   -1.859706161
   -0.672000000  -13.709582310   -1.978972659
   -0.588000000  -13.885364828   -2.269372808
   -0.504000000  -14.091350609   -2.664820540
   -0.420000000  -14.328028866   -2.943819483
   -0.336000000  -14.572303591   -2.795089441
   -0.252000000  -14.777957797   -2.045025280
   -0.168000000  -14.896709079   -0.762490882
   -0.084000000  -14.896347181    0.745918456
    0.000000000  -14.774806513    2.057291680
    0.084000000  -14.565545776    2.767442988
    0.168000000  -14.328797810    2.685196327
    0.252000000  -14.128974149    1.949875105
    0.336000000  -14.004241535    1.009600933
    0.420000000  -13.943276736    0.507385536
    0.504000000  -13.889684957    0.905499386
    0.588000000  -13.764380584    2.162669236
    0.672000000  -13.512545154    3.795727344
    0.756000000  -13.129235816    5.191114080
    0.840000000  -12.655187671    5.926406964
    0.924000000  -12.150427513    5.939504444
    1.008000000  -11.666501536    5.479282738
    1.092000000  -11.228493734    4.899730883
    1.176000000  -10.835279821    4.467424288
    1.260000000  -10.468297690    4.284709225
    1.344000000  -10.107567056    4.295411720
    1.428000000   -9.742467677    4.356681392
    1.512000000   -9.375659583    4.285498999
    1.596000000   -9.024448948    3.977542541
    1.680000000   -8.711905492    3.389562236
    1.764000000   -8.458998063    2.586505796
    1.848000000   -8.276045914    1.739174866
    1.932000000   -8.158508791    1.079820706
    2.016000000   -8.083897761    0.728320212
    2.100000000   -8.026565042    0.625624738
    2.184000000   -7.975772530    0.548301304
    2.268000000   -7.941705305    0.153373742
    2.352000000   -7.960546399   -0.703072301
    2.436000000   -8.069612818   -1.966529475
    2.520000000   -8.291057590   -3.316142697
    2.604000000   -8.618877140   -4.437363040
    2.688000000   -9.022999450   -5.132021374
    2.772000000   -9.467854675   -5.407994328
    2.856000000   -9.923381105   -5.436679100
    2.940000000  -10.379322900   -5.442608024
    3.024000000  -10.841050387   -5.601479517
    3.108000000  -11.325474460   -5.992009289
    3.192000000  -11.850907757   -6.553762864
    3.276000000  -12.426176286   -7.130325756
    3.360000000  -13.043935333   -7.534406249
    3.444000000  -13.683640526   -7.655059703
    3.528000000  -14.322155248   -7.519862438
    3.612000000  -14.943960049   -7.304881570
    3.696000000  -15.551210843   -7.184932014
    3.780000000  -16.154278969   -7.211415517
    3.864000000  -16.763118666   -7.304107447
    3.948000000  -17.377786076   -7.331228460
    4.032000000  -17.990476944   -7.254505060
    4.116000000  -18.591739907   -7.052290101
    4.200000000  -19.169067613   -6.689100086
    4.284000000  -19.704994741   -6.012700617
    4.368000000  -20.165571967   -4.920271602
    4.452000000  -20.516676593   -3.402439717
    4.536000000  -20.730572977   -1.743302665
    4.620000000  -20.811539545   -0.288976543
    4.704000000  -20.790586152    0.645864201
    4.788000000  -20.715085380    1.061494363
    4.872000000  -20.616442715    1.240253026
    4.956000000  -20.495820453    1.638937701
    5.040000000  -20.321863429    2.550877090
    5.124000000  -20.052122727    3.855283838
    5.208000000  -19.671452910    5.116920753
    5.292000000  -19.203180092    5.863616418
    5.376000000  -18.700610991    5.930274580
    5.460000000  -18.213864725    5.562304188
    5.544000000  -17.760736445    5.233932170
    5.628000000  -17.319028375    5.286449655
    5.712000000  -16.852364989    5.825623002
    5.796000000  -16.328382573    6.590781907
    5.880000000  -15.742650214    7.278080334
    5.964000000  -15.110674343    7.642616639
    6.048000000  -14.461263108    7.699460500
    6.132000000  -13.815479941    7.595478204
    6.216000000  -13.178574497    7.510496973
    6.300000000  -12.544492881    7.568480022
    6.384000000  -11.900456626    7.719890159
    6.468000000  -11.243167968    7.850455834
    6.552000000  -10.581008648    7.817219294
    6.636000000   -9.932510227    7.528384720
    6.720000000   -9.319598256    6.961164438
    6.804000000   -8.764304665    6.180060078
    6.888000000   -8.281247368    5.253422610
    6.972000000   -7.878416375    4.301372010
    7.056000000   -7.551048352    3.483840794
    7.140000000   -7.280947863    2.963939028
    7.224000000   -7.038510711    2.819171797
    7.308000000   -6.795265514    2.987626167
    7.392000000   -6.531325425    3.262860784
    7.476000000   -6.245755641    3.466401603
    7.560000000   -5.951995740    3.456197017
    7.644000000   -5.670920903    3.168433821
    7.728000000   -5.425404610    2.597196523
    7.812000000   -5.237149002    1.824248537
    7.896000000   -5.116766735    1.036809899
    7.980000000   -5.052058214    0.579781730
    8.064000000   -4.996387389    0.877480578
    8.148000000   -4.872374103    2.220612538
    8.232000000   -4.594975362    4.471666846
    8.316000000   -4.111412336    6.986884029
    8.400000000   -3.436043203    8.900451606
