#! FIELDS p.x file.free der_p.x
#! SET min_p.x -8.4
#! SET max_p.x 8.4
#! SET nbins_p.x  201
#! SET periodic_p.x false
   -8.400000000   -0.000000000   -0.000000000
   -8.316000000   -0.000000000   -0.000000000
   -8.232000000   -0.000000000   -0.000000000
   -8.148000000   -0.000000000   -0.000000000
   -8.064000000   -0.000000000   -0.000000000
   -7.980000000   -0.000000000   -0.000000000
   -7.896000000   -0.000000000   -0.000000000
   -7.812000000   -0.000000000   -0.000000000
   -7.728000000   -0.000000000   -0.000000000
   -7.644000000   -0.000000000   -0.000000000
   -7.560000000   -0.000000000   -0.000000000
   -7.476000000   -0.000000000   -0.000000000
   -7.392000000   -0.000000000   -0.000000000
   -7.308000000   -0.000000000   -0.000000000
   -7.224000000   -0.000000000   -0.000000000
   -7.140000000   -0.000000000   -0.000000000
   -7.056000000   -0.000000000   -0.000000000
   -6.972000000   -0.000000000   -0.000000000
   -6.888000000   -0.000000000   -0.000000000
   -6.804000000   -0.000000000   -0.000000000
   -6.720000000   -0.000000000   -0.000000000
   -6.636000000   -0.000000000   -0.000000000
   -6.552000000   -0.000000000   -0.000000000
   -6.468000000   -0.000000000   -0.000000000
   -6.384000000   -0.000000000   -0.000000000
   -6.300000000   -0.000000000   -0.000000000
   -6.216000000   -0.000000000   -0.000000000
   -6.132000000   -0.000000000   -0.000000000
   -6.048000000   -0.000096467   -0.001437974
   -5.964000000   -0.000373733   -0.005174990
   -5.880000000   -0.001265365   -0.016235453
   -5.796000000   -0.003762371   -0.044504470
   -5.712000000   -0.009935048   -0.107226261
   -5.628000000   -0.024003981   -0.235866350
   -5.544000000   -0.052661665   -0.465867612
   -5.460000000   -0.106661186   -0.845174532
   -5.376000000   -0.200124455   -1.410098310
   -5.292000000   -0.349450223   -2.170586518
   -5.208000000   -0.569450166   -3.079870773
   -5.124000000   -0.868291791   -4.023403412
   -5.040000000   -1.242287338   -4.836534216
   -4.956000000   -1.672940774   -5.352038250
   -4.872000000   -2.131137997   -5.490420466
   -4.788000000   -2.586765149   -5.312204317
   -4.704000000   -3.020206635   -4.996057171
   -4.620000000   -3.428444340   -4.738410067
   -4.536000000   -3.821588797   -4.641898574
   -4.452000000   -4.212503599   -4.674012665
   -4.368000000   -4.607992914   -4.731878355
   -4.284000000   -5.006299107   -4.731759762
   -4.200000000   -5.401543342   -4.659912049
   -4.116000000   -5.788536375   -4.540791673
   -4.032000000   -6.163496416   -4.369847335
   -3.948000000   -6.519552990   -4.079084792
   -3.864000000   -6.842620686   -3.576529805
   -3.780000000   -7.112931315   -2.824424419
   -3.696000000   -7.311938434   -1.906568948
   -3.612000000   -7.432121499   -0.964922117
   -3.528000000   -7.477187184   -0.143870138
   -3.444000000   -7.459449292    0.526618365
   -3.360000000   -7.390375526    1.093861972
   -3.276000000   -7.276402197    1.603261651
   -3.192000000   -7.122202270    2.038710680
   -3.108000000   -6.935472929    2.360008515
   -3.024000000   -6.727108605    2.565765000
   -2.940000000   -6.504268466    2.720942876
   -2.856000000   -6.266386444    2.928286829
   -2.772000000   -6.006853517    3.234834086
   -2.688000000   -5.719532445    3.582884565
   -2.604000000   -5.405074800    3.853836397
   -2.520000000   -5.074236752    3.978288414
   -2.436000000   -4.738943909    3.962654329
   -2.352000000   -4.408234823    3.879177964
   -2.268000000   -4.086244031    3.767295135
   -2.184000000   -3.775906456    3.583257098
   -2.100000000   -3.486311320    3.252788915
   -2.016000000   -3.233560218    2.708234893
   -1.932000000   -3.035998777    1.955974465
   -1.848000000   -2.906624882    1.103270645
   -1.764000000   -2.846509064    0.336112900
   -1.680000000   -2.841115975   -0.175023432
   -1.596000000   -2.865673570   -0.374765137
   -1.512000000   -2.897071403   -0.355952519
   -1.428000000   -2.924036367   -0.309895240
   -1.344000000   -2.951929072   -0.398785419
   -1.260000000   -2.995493145   -0.681212062
   -1.176000000   -3.068912552   -1.088444455
   -1.092000000   -3.179076557   -1.547725192
   -1.008000000   -3.328105844   -2.005110466
   -0.924000000   -3.515133814   -2.448037422
   -0.840000000   -3.737507466   -2.828878584
   -0.756000000   -3.985012862   -3.026130476
   -0.672000000   -4.235528038   -2.872573833
   -0.588000000   -4.456056759   -2.322931128
   -0.504000000   -4.616050444   -1.464105149
   -0.420000000   -4.700349234   -0.565862191
   -0.336000000   -4.717671016    0.091752096
   -0.252000000   -4.696040239    0.348526930
   -0.168000000   -4.668895998    0.251732589
   -0.084000000   -4.657265401    0.008323387
    0.000000000   -4.663662621   -0.140209210
    0.084000000   -4.673705490   -0.058879685
    0.168000000   -4.666749691    0.238943388
    0.252000000   -4.628772710    0.667176914
    0.336000000   -4.552227306    1.143052397
    0.420000000   -4.433436688    1.673453961
    0.504000000   -4.266648961    2.303830324
    0.588000000   -4.042680502    3.024083034
    0.672000000   -3.756855797    3.749895196
    0.756000000   -3.414832161    4.356586217
    0.840000000   -3.031328229    4.713365630
    0.924000000   -2.629683480    4.786441181
    1.008000000   -2.233221424    4.592624130
    1.092000000   -1.862206271    4.191789532
    1.176000000   -1.530704226    3.667431590
    1.260000000   -1.245214743    3.128700907
    1.344000000   -1.002327124    2.655561985
    1.428000000   -0.794460996    2.304347854
    1.512000000   -0.611720055    2.032094257
    1.596000000   -0.450851062    1.784527563
    1.680000000   -0.312377590    1.491643850
    1.764000000   -0.200694090    1.151414592
    1.848000000   -0.118408724    0.806790548
    1.932000000   -0.063541001    0.505246587
    2.016000000   -0.030724605    0.279728127
    2.100000000   -0.013464527    0.139077981
    2.184000000   -0.005358490    0.062209259
    2.268000000   -0.001772384    0.022528976
    2.352000000   -0.000468576    0.006496058
    2.436000000   -0.000000000   -0.000000000
    2.520000000   -0.000000000   -0.000000000
    2.604000000   -0.000000000   -0.000000000
    2.688000000   -0.000000000   -0.000000000
    2.772000000   -0.000000000   -0.000000000
    2.856000000   -0.000000000   -0.000000000
    2.940000000   -0.000000000   -0.000000000
    3.024000000   -0.000000000   -0.000000000
    3.108000000   -0.000000000   -0.000000000
    3.192000000   -0.000000000   -0.000000000
    3.276000000   -0.000000000   -0.000000000
    3.360000000   -0.000000000   -0.000000000
    3.444000000   -0.000000000   -0.000000000
    3.528000000   -0.000000000   -0.000000000
    3.612000000   -0.000000000   -0.000000000
    3.696000000   -0.000000000   -0.000000000
    3.780000000   -0.000000000   -0.000000000
    3.864000000   -0.000000000   -0.000000000
    3.948000000   -0.000000000   -0.000000000
    4.032000000   -0.000000000   -0.000000000
    4.116000000   -0.000000000   -0.000000000
    4.200000000   -0.000000000   -0.000000000
    4.284000000   -0.000000000   -0.000000000
    4.368000000   -0.000000000   -0.000000000
    4.452000000   -0.000000000   -0.000000000
    4.536000000   -0.000000000   -0.000000000
    4.620000000   -0.000000000   -0.000000000
    4.704000000   -0.000000000   -0.000000000
    4.788000000   -0.000000000   -0.000000000
    4.872000000   -0.000000000   -0.000000000
    4.956000000   -0.000000000   -0.000000000
    5.040000000   -0.000000000   -0.000000000
    5.124000000   -0.000000000   -0.000000000
    5.208000000   -0.000000000   -0.000000000
    5.292000000   -0.000000000   -0.000000000
    5.376000000   -0.000000000   -0.000000000
    5.460000000   -0.000000000   -0.000000000
    5.544000000   -0.000000000   -0.000000000
    5.628000000   -0.000000000   -0.000000000
    5.712000000   -0.000000000   -0.000000000
    5.796000000   -0.000000000   -0.000000000
    5.880000000   -0.000000000   -0.000000000
    5.964000000   -0.000000000   -0.000000000
    6.048000000   -0.000000000   -0.000000000
    6.132000000   -0.000000000   -0.000000000
    6.216000000   -0.000000000   -0.000000000
    6.300000000   -0.000000000   -0.000000000
    6.384000000   -0.000000000   -0.000000000
    6.468000000   -0.000000000   -0.000000000
    6.552000000   -0.000000000   -0.000000000
    6.636000000   -0.000000000   -0.000000000
    6.720000000   -0.000000000   -0.000000000
    6.804000000   -0.000000000   -0.000000000
    6.888000000   -0.000000000   -0.000000000
    6.972000000   -0.000000000   -0.000000000
    7.056000000   -0.000000000   -0.000000000
    7.140000000   -0.000000000   -0.000000000
    7.224000000   -0.000000000   -0.000000000
    7.308000000   -0.000000000   -0.000000000
    7.392000000   -0.000000000   -0.000000000
    7.476000000   -0.000000000   -0.000000000
    7.560000000   -0.000000000   -0.000000000
    7.644000000   -0.000000000   -0.000000000
    7.728000000   -0.000000000   -0.000000000
    7.812000000   -0.000000000   -0.000000000
    7.896000000   -0.000000000   -0.000000000
    7.980000000   -0.000000000   -0.000000000
    8.064000000   -0.000000000   -0.000000000
    8.148000000   -0.000000000   -0.000000000
    8.232000000   -0.000000000   -0.000000000
    8.316000000   -0.000000000   -0.000000000
    8.400000000   -0.000000000   -0.000000000
