#! FIELDS p.x file.free der_p.x
#! SET min_p.x -8.4
#! SET max_p.x 8.4
#! SET nbins_p.x  201
#! SET periodic_p.x false
   -8.400000000   -1.122909410   -2.192100704
   -8.316000000   -1.269371428   -1.251892525
   -8.232000000   -1.330908472   -0.225669458
   -8.148000000   -1.314188416    0.563989215
   -8.064000000   -1.248789972    0.916114080
   -7.980000000   -1.172988895    0.825283748
   -7.896000000   -1.118437580    0.442623953
   -7.812000000   -1.101263729   -0.030546052
   -7.728000000   -1.121685549   -0.435664049
   -7.644000000   -1.170676340   -0.707026695
   -7.560000000   -1.236946323   -0.849156659
   -7.476000000   -1.310577727   -0.884184352
   -7.392000000   -1.382593516   -0.825051106
   -7.308000000   -1.445544496   -0.664238384
   -7.224000000   -1.492203747   -0.444630020
   -7.140000000   -1.520518312   -0.249273939
   -7.056000000   -1.537646403   -0.183707325
   -6.972000000   -1.557330708   -0.327280163
   -6.888000000   -1.599001072   -0.692181616
   -6.804000000   -1.678337864   -1.216848935
   -6.720000000   -1.804292091   -1.777636911
   -6.636000000   -1.974156943   -2.244558053
   -6.552000000   -2.175633429   -2.515643357
   -6.468000000   -2.391534069   -2.592072016
   -6.384000000   -2.608088491   -2.554365237
   -6.300000000   -2.820857940   -2.516881267
   -6.216000000   -3.033356666   -2.565192902
   -6.132000000   -3.254640504   -2.718828639
   -6.048000000   -3.493334187   -2.971275756
   -5.964000000   -3.756642295   -3.304753724
   -5.880000000   -4.051564746   -3.731751167
   -5.796000000   -4.385523066   -4.226961643
   -5.712000000   -4.762451898   -4.737850845
   -5.628000000   -5.179881405   -5.169612314
   -5.544000000   -5.627223652   -5.454408410
   -5.460000000   -6.093070692   -5.612158516
   -5.376000000   -6.568249946   -5.697761968
   -5.292000000   -7.050179925   -5.773723524
   -5.208000000   -7.537762669   -5.823367607
   -5.124000000   -8.028148836   -5.855183085
   -5.040000000   -8.522714431   -5.929158917
   -4.956000000   -9.029157422   -6.169972233
   -4.872000000   -9.564551868   -6.603951462
   -4.788000000  -10.139534598   -7.072279434
   -4.704000000  -10.745026106   -7.277043784
   -4.620000000  -11.348606755   -7.003053676
   -4.536000000  -11.908723251   -6.284227461
   -4.452000000  -12.397779260   -5.365070266
   -4.368000000  -12.812327618   -4.559663963
   -4.284000000  -13.169906411   -4.003715659
   -4.200000000  -13.491571961   -3.687163650
   -4.116000000  -13.792667136   -3.511562899
   -4.032000000  -14.080370333   -3.352955845
   -3.948000000  -14.353003997   -3.151944282
   -3.864000000  -14.604960392   -2.829720334
   -3.780000000  -14.823255984   -2.349548011
   -3.696000000  -14.993843241   -1.726248228
   -3.612000000  -15.108229137   -1.003405001
   -3.528000000  -15.160668615   -0.307335593
   -3.444000000  -15.157106162    0.358596289
   -3.360000000  -15.099642339    0.971880778
   -3.276000000  -14.991841709    1.558047585
   -3.192000000  -14.837644701    2.063354093
   -3.108000000  -14.644905393    2.447679815
   -3.024000000  -14.424277555    2.765539595
   -2.940000000  -14.176187770    3.120160159
   -2.856000000  -13.891878376    3.632793762
   -2.772000000  -13.558987255    4.244392525
   -2.688000000  -13.179669989    4.686625280
   -2.604000000  -12.781209007    4.656502725
   -2.520000000  -12.410802447    4.046205700
   -2.436000000  -12.109579081    3.043826997
   -2.352000000  -11.894814151    2.053949583
   -2.268000000  -11.751876098    1.390477550
   -2.184000000  -11.648758684    1.070887006
   -2.100000000  -11.563214075    0.936435735
   -2.016000000  -11.489217122    0.770540779
   -1.932000000  -11.433337462    0.514639780
   -1.848000000  -11.399525292    0.267245050
   -1.764000000  -11.381962691    0.133118827
   -1.680000000  -11.370801745    0.096014740
   -1.596000000  -11.365186042   -0.020477275
   -1.512000000  -11.379448911   -0.377821630
   -1.428000000  -11.432437979   -0.929490818
   -1.344000000  -11.531956711   -1.432441387
   -1.260000000  -11.662425731   -1.657980409
   -1.176000000  -11.797232465   -1.534435702
   -1.092000000  -11.914372812   -1.282017350
   -1.008000000  -12.013867986   -1.153808226
   -0.924000000  -12.112382587   -1.248340026
   -0.840000000  -12.225752949   -1.470987984
   -0.756000000  -12.356464614   -1.665013624
   -0.672000000  -12.498669868   -1.718563360
   -0.588000000  -12.641350821   -1.702196947
   -0.504000000  -12.781242783   -1.650112423
   -0.420000000  -12.915689428   -1.561198302
   -0.336000000  -13.038191856   -1.347203646
   -0.252000000  -13.134084231   -0.939539846
   -0.168000000  -13.186669679   -0.330872602
   -0.084000000  -13.182374343    0.422491537
    0.000000000  -13.113171120    1.193791872
    0.084000000  -12.983898059    1.818178485
    0.168000000  -12.812619101    2.156481109
    0.252000000  -12.626518531    2.191143102
    0.336000000  -12.446830967    2.051533652
    0.420000000  -12.274297911    2.048397609
    0.504000000  -12.087260826    2.459756234
    0.588000000  -11.847303597    3.278450316
    0.672000000  -11.529103453    4.250276946
    0.756000000  -11.135421408    5.013388776
    0.840000000  -10.696547519    5.314044873
    0.924000000  -10.253836762    5.112636772
    1.008000000   -9.842765407    4.592505932
    1.092000000   -9.479410734    4.019192176
    1.176000000   -9.158970795    3.621846904
    1.260000000   -8.860035731    3.520803408
    1.344000000   -8.556713277    3.708987723
    1.428000000   -8.229211955    4.069211767
    1.512000000   -7.870972148    4.385493749
    1.596000000   -7.494455604    4.483906637
    1.680000000   -7.124069064    4.248711518
    1.764000000   -6.787549910    3.709323425
    1.848000000   -6.502313707    3.044932258
    1.932000000   -6.269883384    2.509228201
    2.016000000   -6.071582082    2.241237377
    2.100000000   -5.884992389    2.188838956
    2.184000000   -5.702404836    2.112821851
    2.268000000   -5.539456748    1.648886269
    2.352000000   -5.439540426    0.608761588
    2.436000000   -5.451305876   -0.984447238
    2.520000000   -5.608717402   -2.787607040
    2.604000000   -5.911914261   -4.366051617
    2.688000000   -6.325298016   -5.382604800
    2.772000000   -6.797012374   -5.759125211
    2.856000000   -7.279562058   -5.704799851
    2.940000000   -7.751776191   -5.553252787
    3.024000000   -8.217195975   -5.579914629
    3.108000000   -8.695218445   -5.848729770
    3.192000000   -9.202240039   -6.243604612
    3.276000000   -9.742384656   -6.595837810
    3.360000000  -10.306927891   -6.818730608
    3.444000000  -10.885838728   -6.959532781
    3.528000000  -11.476727965   -7.111358542
    3.612000000  -12.083605450   -7.361231384
    3.696000000  -12.714356123   -7.663970696
    3.780000000  -13.367310447   -7.853453200
    3.864000000  -14.025387962   -7.780590006
    3.948000000  -14.664001813   -7.390050459
    4.032000000  -15.261470740   -6.817545788
    4.116000000  -15.808630632   -6.222255963
    4.200000000  -16.306727452   -5.674632692
    4.284000000  -16.758705195   -5.069104400
    4.368000000  -17.152833776   -4.307637952
    4.452000000  -17.474722265   -3.347973575
    4.536000000  -17.711867236   -2.344404268
    4.620000000  -17.869726701   -1.484885257
    4.704000000  -17.966938397   -0.913734987
    4.788000000  -18.027406276   -0.568994406
    4.872000000  -18.059328075   -0.204396922
    4.956000000  -18.048089562    0.502959322
    5.040000000  -17.956725187    1.719184998
    5.124000000  -17.745086555    3.313949739
    5.208000000  -17.395945061    4.923766308
    5.292000000  -16.924668724    6.160450001
    5.376000000  -16.372629049    6.826240377
    5.460000000  -15.786570249    7.016178422
    5.544000000  -15.196257439    6.996315364
    5.628000000  -14.605959667    7.018485832
    5.712000000  -14.004665365    7.278519813
    5.796000000  -13.371513614    7.765408664
    5.880000000  -12.693099216    8.347311570
    5.964000000  -11.969871904    8.761217592
    6.048000000  -11.226076534    8.806748014
    6.132000000  -10.497790869    8.399363127
    6.216000000   -9.818513819    7.670792635
    6.300000000   -9.204858988    6.920551379
    6.384000000   -8.645620048    6.396336754
    6.468000000   -8.115471875    6.223972852
    6.552000000   -7.586692183    6.351283082
    6.636000000   -7.039925138    6.647854046
    6.720000000   -6.466576213    6.947824350
    6.804000000   -5.872385924    7.125528111
    6.888000000   -5.273422315    7.026268349
    6.972000000   -4.698719716    6.548100132
    7.056000000   -4.180879445    5.686784714
    7.140000000   -3.746625756    4.604648503
    7.224000000   -3.403908054    3.557258807
    7.308000000   -3.139440076    2.771763218
    7.392000000   -2.925417083    2.348192471
    7.476000000   -2.732753208    2.253532999
    7.560000000   -2.539617654    2.342650725
    7.644000000   -2.337012094    2.461082084
    7.728000000   -2.126568695    2.508790198
    7.812000000   -1.915576609    2.475348903
    7.896000000   -1.709879240    2.401258794
    7.980000000   -1.510668620    2.338750039
    8.064000000   -1.314986768    2.321021764
    8.148000000   -1.118717577    2.343993527
    8.232000000   -0.920191617    2.361014550
    8.316000000   -0.723004806    2.303730857
    8.400000000   -0.536081402    2.115930707
