#! FIELDS p.x file.free der_p.x
#! SET min_p.x -8.4
#! SET max_p.x 8.4
#! SET nbins_p.x  201
#! SET periodic_p.x false
   -8.400000000   -1.122909410   -2.192100704
   -8.316000000   -1.269371428   -1.251892525
   -8.232000000   -1.330908472   -0.225669458
   -8.148000000   -1.314188416    0.563989215
   -8.064000000   -1.248789972    0.916114080
   -7.980000000   -1.172988895    0.825283748
   -7.896000000   -1.118437580    0.442623953
   -7.812000000   -1.101263729   -0.030546052
   -7.728000000   -1.121685549   -0.435664049
   -7.644000000   -1.170676340   -0.707026695
   -7.560000000   -1.236946323   -0.849156659
   -7.476000000   -1.310577727   -0.884184352
   -7.392000000   -1.382593516   -0.825051106
   -7.308000000   -1.445544496   -0.664238384
   -7.224000000   -1.492203747   -0.444630020
   -7.140000000   -1.520518312   -0.249273939
   -7.056000000   -1.537646403   -0.183707325
   -6.972000000   -1.557330708   -0.327280163
   -6.888000000   -1.599001072   -0.692181616
   -6.804000000   -1.678337864   -1.216848935
   -6.720000000   -1.804292091   -1.777636911
   -6.636000000   -1.974156943   -2.244558053
   -6.552000000   -2.175633429   -2.515643357
   -6.468000000   -2.391534069   -2.592072016
   -6.384000000   -2.608088491   -2.554365237
   -6.300000000   -2.820857940   -2.516881267
   -6.216000000   -3.033356666   -2.565192902
   -6.132000000   -3.254640504   -2.718828639
   -6.048000000   -3.493334187   -2.971275756
   -5.964000000   -3.756642295   -3.304753724
   -5.880000000   -4.051564746   -3.731751167
   -5.796000000   -4.385523066   -4.226961643
   -5.712000000   -4.762451898   -4.737850845
   -5.628000000   -5.179881405   -5.169612314
   -5.544000000   -5.627223652   -5.454408410
   -5.460000000   -6.093070692   -5.612158516
   -5.376000000   -6.568249946   -5.697761968
   -5.292000000   -7.050179925   -5.773723524
   -5.208000000   -7.537762669   -5.823367607
   -5.124000000   -8.028148836   -5.855183085
   -5.040000000   -8.522714431   -5.929158917
   -4.956000000   -9.029157422   -6.169972233
   -4.872000000   -9.564551868   -6.603951462
   -4.788000000  -10.139534598   -7.072279434
   -4.704000000  -10.745026106   -7.277043784
   -4.620000000  -11.348606755   -7.003053676
   -4.536000000  -11.908723251   -6.284227461
   -4.452000000  -12.397779260   -5.365070266
   -4.368000000  -12.812327618   -4.559663963
   -4.284000000  -13.169906411   -4.003715659
   -4.200000000  -13.491571961   -3.687163650
   -4.116000000  -13.792667136   -3.511562899
   -4.032000000  -14.080370333   -3.352955845
   -3.948000000  -14.353003997   -3.151944282
   -3.864000000  -14.604960392   -2.829720334
   -3.780000000  -14.823255984   -2.349548011
   -3.696000000  -14.993843241   -1.726248228
   -3.612000000  -15.108229137   -1.003405001
   -3.528000000  -15.160668615   -0.307335593
   -3.444000000  -15.157106162    0.358596289
   -3.360000000  -15.099642339    0.971880778
   -3.276000000  -14.991841709    1.558047585
   -3.192000000  -14.837644701    2.063354093
   -3.108000000  -14.644905393    2.447679815
   -3.024000000  -14.424277555    2.765539595
   -2.940000000  -14.176187770    3.120160159
   -2.856000000  -13.891878376    3.632793762
   -2.772000000  -13.558987255    4.244392525
   -2.688000000  -13.179669989    4.686625280
   -2.604000000  -12.781209007    4.656502725
   -2.520000000  -12.410802447    4.046205700
   -2.436000000  -12.109579081    3.043826997
   -2.352000000  -11.894814151    2.053949583
   -2.268000000  -11.751876098    1.390477550
   -2.184000000  -11.648758684    1.070887006
   -2.100000000  -11.563214075    0.936435735
   -2.016000000  -11.489217122    0.770540779
   -1.932000000  -11.433337462    0.514639780
   -1.848000000  -11.399525292    0.267245050
   -1.764000000  -11.381962691    0.133118827
   -1.680000000  -11.370801745    0.096014740
   -1.596000000  -11.365186042   -0.020477275
   -1.512000000  -11.379448911   -0.377821630
   -1.428000000  -11.432437979   -0.929490818
   -1.344000000  -11.531956711   -1.432441387
   -1.260000000  -11.662425731   -1.657980409
   -1.176000000  -11.797232465   -1.534435702
   -1.092000000  -11.914372812   -1.282017350
   -1.008000000  -12.013867986   -1.153808226
   -0.924000000  -12.112382587   -1.248340026
   -0.840000000  -12.225752949   -1.470987984
   -0.756000000  -12.356464614   -1.665013624
   -0.672000000  -12.498669868   -1.718563360
   -0.588000000  -12.641350821   -1.702196947
   -0.504000000  -12.781242783   -1.650112423
   -0.420000000  -12.915689428   -1.561198302
   -0.336000000  -13.038191856   -1.347203646
   -0.252000000  -13.134084231   -0.939539846
   -0.168000000  -13.186669679   -0.330872602
   -0.084000000  -13.182374343    0.422491537
    0.000000000  -13.113171120    1.193791872
    0.084000000  -12.983898059    1.818178485
    0.168000000  -12.812619101    2.156481109
    0.252000000  -12.626518531    2.191143102
    0.336000000  -12.446830967    2.051533652
    0.420000000  -12.274297911    2.048397609
    0.504000000  -12.087260826    2.459756234
    0.588000000  -11.847303597    3.278450316
    0.672000000  -11.529103453    4.250276946
    0.756000000  -11.135457112    5.012819740
    0.840000000  -10.696770330    5.310761321
    0.924000000  -10.254563000    5.102908628
    1.008000000   -9.844967012    4.565648852
    1.092000000   -9.485220477    3.955825192
    1.176000000   -9.172785362    3.488495255
    1.260000000   -8.889645181    3.270975601
    1.344000000   -8.613959828    3.293725833
    1.428000000   -8.329693280    3.452852840
    1.512000000   -8.031895338    3.566297784
    1.596000000   -7.731485742    3.500458135
    1.680000000   -7.448440507    3.166067610
    1.764000000   -7.204542159    2.597221897
    1.848000000   -7.012107122    1.955423290
    1.932000000   -6.868899329    1.480314320
    2.016000000   -6.753074115    1.314998049
    2.100000000   -6.637932662    1.427902278
    2.184000000   -6.509442587    1.599786849
    2.268000000   -6.376480210    1.457792688
    2.352000000   -6.277742113    0.772508631
    2.436000000   -6.261671674   -0.494246231
    2.520000000   -6.366949093   -2.054057358
    2.604000000   -6.602497543   -3.508121668
    2.688000000   -6.942828233   -4.524299031
    2.772000000   -7.346220471   -5.005540639
    2.856000000   -7.772509231   -5.128322469
    2.940000000   -8.205143447   -5.197962986
    3.024000000   -8.650606709   -5.461948343
    3.108000000   -9.128871440   -5.974162520
    3.192000000   -9.655848732   -6.590686079
    3.276000000  -10.231953882   -7.089968296
    3.360000000  -10.839513956   -7.327966024
    3.444000000  -11.455930322   -7.319461561
    3.528000000  -12.065924179   -7.191487285
    3.612000000  -12.666098102   -7.130042785
    3.696000000  -13.266672535   -7.198373625
    3.780000000  -13.875944899   -7.308735823
    3.864000000  -14.490391550   -7.307484729
    3.948000000  -15.095401660   -7.067826587
    4.032000000  -15.671576498   -6.625400326
    4.116000000  -16.204577630   -6.057245766
    4.200000000  -16.685746535   -5.418727273
    4.284000000  -17.109452754   -4.644600408
    4.368000000  -17.460268467   -3.712069608
    4.452000000  -17.726816209   -2.640927267
    4.536000000  -17.903254205   -1.626511053
    4.620000000  -18.003596946   -0.846630984
    4.704000000  -18.052655349   -0.414621495
    4.788000000  -18.077579962   -0.221062043
    4.872000000  -18.086038917    0.011455799
    4.956000000  -18.060906841    0.621181416
    5.040000000  -17.962336892    1.777799643
    5.124000000  -17.747219729    3.338600338
    5.208000000  -17.396641498    4.932546447
    5.292000000  -16.924896992    6.163634624
    5.376000000  -16.372629049    6.826240377
    5.460000000  -15.786570249    7.016178422
    5.544000000  -15.196257439    6.996315364
    5.628000000  -14.605959667    7.018485832
    5.712000000  -14.004665365    7.278519813
    5.796000000  -13.371513614    7.765408664
    5.880000000  -12.693099216    8.347311570
    5.964000000  -11.969871904    8.761217592
    6.048000000  -11.226076534    8.806748014
    6.132000000  -10.497790869    8.399363127
    6.216000000   -9.818513819    7.670792635
    6.300000000   -9.204858988    6.920551379
    6.384000000   -8.645620048    6.396336754
    6.468000000   -8.115471875    6.223972852
    6.552000000   -7.586692183    6.351283082
    6.636000000   -7.039925138    6.647854046
    6.720000000   -6.466576213    6.947824350
    6.804000000   -5.872385924    7.125528111
    6.888000000   -5.273422315    7.026268349
    6.972000000   -4.698719716    6.548100132
    7.056000000   -4.180879445    5.686784714
    7.140000000   -3.746625756    4.604648503
    7.224000000   -3.403908054    3.557258807
    7.308000000   -3.139440076    2.771763218
    7.392000000   -2.925417083    2.348192471
    7.476000000   -2.732753208    2.253532999
    7.560000000   -2.539617654    2.342650725
    7.644000000   -2.337012094    2.461082084
    7.728000000   -2.126568695    2.508790198
    7.812000000   -1.915576609    2.475348903
    7.896000000   -1.709879240    2.401258794
    7.980000000   -1.510668620    2.338750039
    8.064000000   -1.314986768    2.321021764
    8.148000000   -1.118717577    2.343993527
    8.232000000   -0.920191617    2.361014550
    8.316000000   -0.723004806    2.303730857
    8.400000000   -0.536081402    2.115930707
