#! FIELDS p.x file.free der_p.x
#! SET min_p.x -8.4
#! SET max_p.x 8.4
#! SET nbins_p.x  201
#! SET periodic_p.x false
   -8.400000000   -1.122909410   -2.192100704
   -8.316000000   -1.269371428   -1.251892525
   -8.232000000   -1.330908472   -0.225669458
   -8.148000000   -1.314188416    0.563989215
   -8.064000000   -1.248789972    0.916114080
   -7.980000000   -1.172988895    0.825283748
   -7.896000000   -1.118437580    0.442623953
   -7.812000000   -1.101263729   -0.030546052
   -7.728000000   -1.121685549   -0.435664049
   -7.644000000   -1.170676340   -0.707026695
   -7.560000000   -1.236946323   -0.849156659
   -7.476000000   -1.310577727   -0.884184352
   -7.392000000   -1.382593516   -0.825051106
   -7.308000000   -1.445544496   -0.664238384
   -7.224000000   -1.492203747   -0.444630020
   -7.140000000   -1.520518312   -0.249273939
   -7.056000000   -1.537646403   -0.183707325
   -6.972000000   -1.557330708   -0.327280163
   -6.888000000   -1.599001072   -0.692181616
   -6.804000000   -1.678337864   -1.216848935
   -6.720000000   -1.804292091   -1.777636911
   -6.636000000   -1.974156943   -2.244558053
   -6.552000000   -2.175633429   -2.515643357
   -6.468000000   -2.391534069   -2.592072016
   -6.384000000   -2.608088491   -2.554365237
   -6.300000000   -2.820857940   -2.516881267
   -6.216000000   -3.033356666   -2.565192902
   -6.132000000   -3.254640504   -2.718828639
   -6.048000000   -3.493334187   -2.971275756
   -5.964000000   -3.756642295   -3.304753724
   -5.880000000   -4.051564746   -3.731751167
   -5.796000000   -4.385682156   -4.229365645
   -5.712000000   -4.762986942   -4.745216873
   -5.628000000   -5.181488764   -5.189581019
   -5.544000000   -5.631536975   -5.502197716
   -5.460000000   -6.103409891   -5.712817114
   -5.376000000   -6.590387913   -5.883539182
   -5.292000000   -7.092521248   -6.072143325
   -5.208000000   -7.610100754   -6.235992782
   -5.124000000   -8.138542839   -6.336532415
   -5.040000000   -8.673359146   -6.385471017
   -4.956000000   -9.213053747   -6.485626199
   -4.872000000   -9.765930074   -6.695936177
   -4.788000000  -10.339027640   -6.943405724
   -4.704000000  -10.927754010   -7.031986639
   -4.620000000  -11.512010883   -6.821079095
   -4.536000000  -12.066543357   -6.360141662
   -4.452000000  -12.577899434   -5.835142675
   -4.368000000  -13.049923146   -5.451755812
   -4.284000000  -13.496946946   -5.213092667
   -4.200000000  -13.926207058   -4.997003028
   -4.116000000  -14.332416163   -4.661037542
   -4.032000000  -14.702049951   -4.126748078
   -3.948000000  -15.020165775   -3.454764211
   -3.864000000  -15.278521929   -2.696888856
   -3.780000000  -15.471419110   -1.901583390
   -3.696000000  -15.596559766   -1.118194265
   -3.612000000  -15.658717606   -0.394221833
   -3.528000000  -15.665761655    0.138345822
   -3.444000000  -15.637396043    0.480430371
   -3.360000000  -15.587648592    0.656102613
   -3.276000000  -15.525596167    0.794661613
   -3.192000000  -15.450725226    0.965331337
   -3.108000000  -15.357774675    1.198258297
   -3.024000000  -15.242370271    1.527242559
   -2.940000000  -15.094769772    1.969231029
   -2.856000000  -14.903336621    2.569639001
   -2.772000000  -14.655932480    3.279555752
   -2.688000000  -14.350727633    3.914099259
   -2.604000000  -14.002947165    4.249192279
   -2.520000000  -13.645690963    4.155624995
   -2.436000000  -13.313078447    3.664617974
   -2.352000000  -13.031002253    2.990075052
   -2.268000000  -12.806673422    2.341655286
   -2.184000000  -12.632220996    1.783612915
   -2.100000000  -12.500297757    1.330613049
   -2.016000000  -12.403779939    0.930953172
   -1.932000000  -12.337806106    0.622447924
   -1.848000000  -12.291418014    0.476973260
   -1.764000000  -12.249357027    0.503654304
   -1.680000000  -12.201720848    0.575198014
   -1.596000000  -12.155266577    0.440745724
   -1.512000000  -12.135874947   -0.065060503
   -1.428000000  -12.171486271   -0.836352129
   -1.344000000  -12.271983033   -1.540523860
   -1.260000000  -12.417320528   -1.884533795
   -1.176000000  -12.572676138   -1.780982970
   -1.092000000  -12.708793740   -1.481731396
   -1.008000000  -12.821806112   -1.277974462
   -0.924000000  -12.927553945   -1.300535103
   -0.840000000  -13.043599382   -1.488924061
   -0.756000000  -13.176785816   -1.726594086
   -0.672000000  -13.329558501   -1.928975101
   -0.588000000  -13.499503351   -2.154572199
   -0.504000000  -13.688366054   -2.357096823
   -0.420000000  -13.889791817   -2.420451654
   -0.336000000  -14.084678845   -2.176040570
   -0.252000000  -14.242085272   -1.556533036
   -0.168000000  -14.333399473   -0.628449734
   -0.084000000  -14.341131932    0.416349200
    0.000000000  -14.265258473    1.323795860
    0.084000000  -14.127759299    1.833760138
    0.168000000  -13.968987261    1.803607484
    0.252000000  -13.834035818    1.310271048
    0.336000000  -13.750422432    0.668525418
    0.420000000  -13.708058585    0.383018224
    0.504000000  -13.661317867    0.838230792
    0.588000000  -13.544725456    2.002783776
    0.672000000  -13.313050936    3.474544811
    0.756000000  -12.962944089    4.736528139
    0.840000000  -12.529825147    5.428643856
    0.924000000  -12.065435581    5.491472377
    1.008000000  -11.614965990    5.139937074
    1.092000000  -11.200478647    4.677630247
    1.176000000  -10.821675525    4.341297545
    1.260000000  -10.462396234    4.222069407
    1.344000000  -10.105280188    4.268066485
    1.428000000   -9.741676047    4.346152157
    1.512000000   -9.375414788    4.281914249
    1.596000000   -9.024448948    3.977542541
    1.680000000   -8.711905492    3.389562236
    1.764000000   -8.458998063    2.586505796
    1.848000000   -8.276045914    1.739174866
    1.932000000   -8.158508791    1.079820706
    2.016000000   -8.083897761    0.728320212
    2.100000000   -8.026565042    0.625624738
    2.184000000   -7.975772530    0.548301304
    2.268000000   -7.941705305    0.153373742
    2.352000000   -7.960546399   -0.703072301
    2.436000000   -8.069612818   -1.966529475
    2.520000000   -8.291057590   -3.316142697
    2.604000000   -8.618877140   -4.437363040
    2.688000000   -9.022999450   -5.132021374
    2.772000000   -9.467854675   -5.407994328
    2.856000000   -9.923381105   -5.436679100
    2.940000000  -10.379322900   -5.442608024
    3.024000000  -10.841050387   -5.601479517
    3.108000000  -11.325474460   -5.992009289
    3.192000000  -11.850907757   -6.553762864
    3.276000000  -12.426176286   -7.130325756
    3.360000000  -13.043935333   -7.534406249
    3.444000000  -13.683640526   -7.655059703
    3.528000000  -14.322155248   -7.519862438
    3.612000000  -14.943960049   -7.304881570
    3.696000000  -15.551210843   -7.184932014
    3.780000000  -16.154278969   -7.211415517
    3.864000000  -16.763118666   -7.304107447
    3.948000000  -17.377786076   -7.331228460
    4.032000000  -17.990476944   -7.254505060
    4.116000000  -18.591739907   -7.052290101
    4.200000000  -19.169067613   -6.689100086
    4.284000000  -19.704994741   -6.012700617
    4.368000000  -20.165571967   -4.920271602
    4.452000000  -20.516676593   -3.402439717
    4.536000000  -20.730572977   -1.743302665
    4.620000000  -20.811539545   -0.288976543
    4.704000000  -20.790586152    0.645864201
    4.788000000  -20.715085380    1.061494363
    4.872000000  -20.616442715    1.240253026
    4.956000000  -20.495820453    1.638937701
    5.040000000  -20.321863429    2.550877090
    5.124000000  -20.052122727    3.855283838
    5.208000000  -19.671452910    5.116920753
    5.292000000  -19.203180092    5.863616418
    5.376000000  -18.700610991    5.930274580
    5.460000000  -18.213864725    5.562304188
    5.544000000  -17.760736445    5.233932170
    5.628000000  -17.319028375    5.286449655
    5.712000000  -16.852364989    5.825623002
    5.796000000  -16.328382573    6.590781907
    5.880000000  -15.742650214    7.278080334
    5.964000000  -15.110674343    7.642616639
    6.048000000  -14.461263108    7.699460500
    6.132000000  -13.815479941    7.595478204
    6.216000000  -13.178574497    7.510496973
    6.300000000  -12.544492881    7.568480022
    6.384000000  -11.900456626    7.719890159
    6.468000000  -11.243167968    7.850455834
    6.552000000  -10.581008648    7.817219294
    6.636000000   -9.932510227    7.528384720
    6.720000000   -9.319598256    6.961164438
    6.804000000   -8.764304665    6.180060078
    6.888000000   -8.281247368    5.253422610
    6.972000000   -7.878416375    4.301372010
    7.056000000   -7.551048352    3.483840794
    7.140000000   -7.280947863    2.963939028
    7.224000000   -7.038510711    2.819171797
    7.308000000   -6.795265514    2.987626167
    7.392000000   -6.531325425    3.262860784
    7.476000000   -6.245755641    3.466401603
    7.560000000   -5.951995740    3.456197017
    7.644000000   -5.670920903    3.168433821
    7.728000000   -5.425404610    2.597196523
    7.812000000   -5.237149002    1.824248537
    7.896000000   -5.116766735    1.036809899
    7.980000000   -5.052058214    0.579781730
    8.064000000   -4.996387389    0.877480578
    8.148000000   -4.872374103    2.220612538
    8.232000000   -4.594975362    4.471666846
    8.316000000   -4.111412336    6.986884029
    8.400000000   -3.436043203    8.900451606
