#! FIELDS p.x file.free der_p.x
#! SET min_p.x -8.4
#! SET max_p.x 8.4
#! SET nbins_p.x  201
#! SET periodic_p.x false
   -8.400000000   -0.000000000   -0.000000000
   -8.316000000   -0.000000000   -0.000000000
   -8.232000000   -0.000000000   -0.000000000
   -8.148000000   -0.000051275   -0.000798349
   -8.064000000   -0.000179223   -0.002549616
   -7.980000000   -0.000559566   -0.007208299
   -7.896000000   -0.001560555   -0.018005597
   -7.812000000   -0.003966868   -0.040884713
   -7.728000000   -0.008933818   -0.080659370
   -7.644000000   -0.018097902   -0.140933298
   -7.560000000   -0.033102981   -0.218492075
   -7.476000000   -0.054971036   -0.301804387
   -7.392000000   -0.083496838   -0.374131025
   -7.308000000   -0.117083952   -0.420212497
   -7.224000000   -0.153151376   -0.431432899
   -7.140000000   -0.188457482   -0.401499502
   -7.056000000   -0.219262882   -0.323327341
   -6.972000000   -0.241297059   -0.192929967
   -6.888000000   -0.250731949   -0.026618435
   -6.804000000   -0.246018059    0.132257815
   -6.720000000   -0.230679509    0.216361666
   -6.636000000   -0.213429661    0.172794019
   -6.552000000   -0.205523413   -0.003758153
   -6.468000000   -0.217010334   -0.275583577
   -6.384000000   -0.253104596   -0.582215928
   -6.300000000   -0.315135289   -0.892545380
   -6.216000000   -0.403665322   -1.224515865
   -6.132000000   -0.523077671   -1.632762753
   -6.048000000   -0.682176009   -2.169768274
   -5.964000000   -0.891430716   -2.822693377
   -5.880000000   -1.157793755   -3.514461692
   -5.796000000   -1.479177708   -4.106190125
   -5.712000000   -1.842257384   -4.495186957
   -5.628000000   -2.228959062   -4.670820829
   -5.544000000   -2.624029007   -4.723322839
   -5.460000000   -3.024381572   -4.813970410
   -5.376000000   -3.437299459   -5.035799702
   -5.292000000   -3.874360788   -5.372270545
   -5.208000000   -4.340151029   -5.699964962
   -5.124000000   -4.829029678   -5.907072714
   -5.040000000   -5.330083934   -5.995631769
   -4.956000000   -5.836272436   -6.053980349
   -4.872000000   -6.349440073   -6.166257307
   -4.788000000   -6.874201708   -6.330211347
   -4.704000000   -7.411327804   -6.437659107
   -4.620000000   -7.952006128   -6.395433624
   -4.536000000   -8.481677143   -6.198475519
   -4.452000000   -8.990264125   -5.905025077
   -4.368000000   -9.473901468   -5.620010782
   -4.284000000   -9.935290886   -5.366083079
   -4.200000000  -10.375247162   -5.097931303
   -4.116000000  -10.788565046   -4.725410215
   -4.032000000  -11.162780759   -4.149817611
   -3.948000000  -11.478524463   -3.348300533
   -3.864000000  -11.718307453   -2.346722108
   -3.780000000  -11.870385489   -1.284612850
   -3.696000000  -11.937761773   -0.389058527
   -3.612000000  -11.944072614    0.164400700
   -3.528000000  -11.920990005    0.290815065
   -3.444000000  -11.899436632    0.184824437
   -3.360000000  -11.886313302    0.137685825
   -3.276000000  -11.865913743    0.385219633
   -3.192000000  -11.812437458    0.894328874
   -3.108000000  -11.711932985    1.437876238
   -3.024000000  -11.572294234    1.820859224
   -2.940000000  -11.409076918    2.014526042
   -2.856000000  -11.231253668    2.189320200
   -2.772000000  -11.033825104    2.496570234
   -2.688000000  -10.806758141    2.874161132
   -2.604000000  -10.552027645    3.113338189
   -2.520000000  -10.290147343    3.047159006
   -2.436000000  -10.045446735    2.722490744
   -2.352000000   -9.830241708    2.383281866
   -2.268000000   -9.636255893    2.259834525
   -2.184000000   -9.441593730    2.366068994
   -2.100000000   -9.233393477    2.542227686
   -2.016000000   -9.016470601    2.555687574
   -1.932000000   -8.810671413    2.273295343
   -1.848000000   -8.638429874    1.775688081
   -1.764000000   -8.510517440    1.236783033
   -1.680000000   -8.425193510    0.775019569
   -1.596000000   -8.377311568    0.333932534
   -1.512000000   -8.370205153   -0.200915663
   -1.428000000   -8.412323264   -0.832968423
   -1.344000000   -8.507023785   -1.420616847
   -1.260000000   -8.642411050   -1.784955580
   -1.176000000   -8.796169122   -1.864441569
   -1.092000000   -8.949248601   -1.800292269
   -1.008000000   -9.097931511   -1.782039583
   -0.924000000   -9.251067110   -1.895546969
   -0.840000000   -9.417499663   -2.071048022
   -0.756000000   -9.595433401   -2.171223800
   -0.672000000   -9.775210345   -2.091230507
   -0.588000000   -9.942516218   -1.906254161
   -0.504000000  -10.093578576   -1.720806898
   -0.420000000  -10.234851355   -1.684801227
   -0.336000000  -10.381623861   -1.856296015
   -0.252000000  -10.548855537   -2.160894279
   -0.168000000  -10.740352719   -2.406598610
   -0.084000000  -10.941769310   -2.336216798
    0.000000000  -11.119236246   -1.832013943
    0.084000000  -11.237977711   -0.975831474
    0.168000000  -11.277779317   -0.015264930
    0.252000000  -11.241708911    0.809516164
    0.336000000  -11.146204976    1.413700950
    0.420000000  -11.002885114    1.960617239
    0.504000000  -10.809218505    2.664499597
    0.588000000  -10.548151045    3.546963204
    0.672000000  -10.210890740    4.429039702
    0.756000000   -9.809046666    5.042824760
    0.840000000   -9.373507031    5.226020102
    0.924000000   -8.940135046    5.006739575
    1.008000000   -8.535062817    4.573239078
    1.092000000   -8.167604729    4.141171040
    1.176000000   -7.832414824    3.837451286
    1.260000000   -7.516632684    3.680886280
    1.344000000   -7.209165658    3.615983123
    1.428000000   -6.906023804    3.568970906
    1.512000000   -6.609444120    3.424380528
    1.596000000   -6.331293070    3.131976886
    1.680000000   -6.085810680    2.658935659
    1.764000000   -5.886530345    2.059492634
    1.848000000   -5.737605499    1.480127138
    1.932000000   -5.630551269    1.099313268
    2.016000000   -5.543064391    1.014765784
    2.100000000   -5.451713126    1.151260198
    2.184000000   -5.348844911    1.255758870
    2.268000000   -5.251207346    0.956621241
    2.352000000   -5.203944106    0.049449733
    2.436000000   -5.258390114   -1.443426611
    2.520000000   -5.450936058   -3.154888335
    2.604000000   -5.781014892   -4.628245008
    2.688000000   -6.210736706   -5.502113385
    2.772000000   -6.685357435   -5.702808427
    2.856000000   -7.156184139   -5.485920217
    2.940000000   -7.605613066   -5.243593224
    3.024000000   -8.045225696   -5.295876393
    3.108000000   -8.504717197   -5.705631945
    3.192000000   -9.008420241   -6.313349894
    3.276000000   -9.563374918   -6.872230120
    3.360000000  -10.157443052   -7.229136567
    3.444000000  -10.772739061   -7.396315058
    3.528000000  -11.397917324   -7.476208519
    3.612000000  -12.029755259   -7.580968896
    3.696000000  -12.671148802   -7.691244628
    3.780000000  -13.317025442   -7.653796538
    3.864000000  -13.947978395   -7.332359668
    3.948000000  -14.538579882   -6.700186696
    4.032000000  -15.069963888   -5.946828806
    4.116000000  -15.540799820   -5.303395286
    4.200000000  -15.965707556   -4.878816398
    4.284000000  -16.361686445   -4.551906826
    4.368000000  -16.726773008   -4.134136647
    4.452000000  -17.046829928   -3.458273196
    4.536000000  -17.299612240   -2.574169597
    4.620000000  -17.474716955   -1.633679467
    4.704000000  -17.575216849   -0.825533125
    4.788000000  -17.616073761   -0.193359527
    4.872000000  -17.606512474    0.386735859
    4.956000000  -17.541904025    1.151990190
    5.040000000  -17.399760014    2.252815743
    5.124000000  -17.152532340    3.615805305
    5.208000000  -16.788929504    4.975748237
    5.292000000  -16.322103465    6.016584625
    5.376000000  -15.787237210    6.581926987
    5.460000000  -15.223031034    6.751518805
    5.544000000  -14.653570385    6.772286421
    5.628000000  -14.078515685    6.884696675
    5.712000000  -13.482953032    7.284120041
    5.796000000  -12.841686917    7.958769013
    5.880000000  -12.137735141    8.764263614
    5.964000000  -11.369718594    9.411745226
    6.048000000  -10.562041445    9.678158800
    6.132000000   -9.752205485    9.465183317
    6.216000000   -8.976364230    8.902211351
    6.300000000   -8.253742711    8.271180788
    6.384000000   -7.578838777    7.784054102
    6.468000000   -6.934961398    7.520951127
    6.552000000   -6.305973300    7.413881875
    6.636000000   -5.683759348    7.370022691
    6.720000000   -5.065065742    7.311556605
    6.804000000   -4.452446594    7.221030365
    6.888000000   -3.851051700    7.021038174
    6.972000000   -3.274545925    6.626716030
    7.056000000   -2.741274422    5.993700178
    7.140000000   -2.268799009    5.215590355
    7.224000000   -1.862525409    4.450867883
    7.308000000   -1.514964405    3.832764663
    7.392000000   -1.211487137    3.381197591
    7.476000000   -0.941264609    3.032585322
    7.560000000   -0.700492155    2.677232287
    7.644000000   -0.492647436    2.247441863
    7.728000000   -0.323710729    1.750097181
    7.812000000   -0.197029908    1.247583883
    7.896000000   -0.110574642    0.811557795
    7.980000000   -0.057001900    0.480207575
    8.064000000   -0.026687175    0.254339793
    8.148000000   -0.011208195    0.119036296
    8.232000000   -0.004138092    0.048282221
    8.316000000   -0.001277499    0.016165520
    8.400000000   -0.000417276    0.005836339
