#! FIELDS p.x file.free der_p.x
#! SET min_p.x -8.4
#! SET max_p.x 8.4
#! SET nbins_p.x  201
#! SET periodic_p.x false
   -8.400000000   -0.000000000   -0.000000000
   -8.316000000   -0.000000000   -0.000000000
   -8.232000000   -0.000000000   -0.000000000
   -8.148000000   -0.000000000   -0.000000000
   -8.064000000   -0.000000000   -0.000000000
   -7.980000000   -0.000000000   -0.000000000
   -7.896000000   -0.000000000   -0.000000000
   -7.812000000   -0.000000000   -0.000000000
   -7.728000000   -0.000000000   -0.000000000
   -7.644000000   -0.000000000   -0.000000000
   -7.560000000   -0.000000000   -0.000000000
   -7.476000000   -0.000000000   -0.000000000
   -7.392000000   -0.000000000   -0.000000000
   -7.308000000   -0.000000000   -0.000000000
   -7.224000000   -0.000000000   -0.000000000
   -7.140000000   -0.000000000   -0.000000000
   -7.056000000   -0.000000000   -0.000000000
   -6.972000000   -0.000000000   -0.000000000
   -6.888000000   -0.000000000   -0.000000000
   -6.804000000   -0.000000000   -0.000000000
   -6.720000000   -0.000000000   -0.000000000
   -6.636000000   -0.000000000   -0.000000000
   -6.552000000   -0.000000000   -0.000000000
   -6.468000000   -0.000030691   -0.000493777
   -6.384000000   -0.000112053   -0.001652186
   -6.300000000   -0.000398539   -0.005427201
   -6.216000000   -0.001184644   -0.014596699
   -6.132000000   -0.003251083   -0.036300907
   -6.048000000   -0.008233356   -0.083622416
   -5.964000000   -0.018573617   -0.169098125
   -5.880000000   -0.038504544   -0.313749776
   -5.796000000   -0.073711466   -0.536479823
   -5.712000000   -0.131575360   -0.855581827
   -5.628000000   -0.221194285   -1.289488816
   -5.544000000   -0.351703803   -1.833414361
   -5.460000000   -0.532411879   -2.475055697
   -5.376000000   -0.769520165   -3.169640821
   -5.292000000   -1.065527690   -3.868016348
   -5.208000000   -1.419007237   -4.534630934
   -5.124000000   -1.826760255   -5.162528145
   -5.040000000   -2.286232741   -5.761874327
   -4.956000000   -2.793922983   -6.305261539
   -4.872000000   -3.342551732   -6.720258629
   -4.788000000   -3.917154276   -6.910031662
   -4.704000000   -4.496102893   -6.819754163
   -4.620000000   -5.056511433   -6.478193528
   -4.536000000   -5.580830306   -5.985825224
   -4.452000000   -6.061549646   -5.457940349
   -4.368000000   -6.499827448   -4.988801622
   -4.284000000   -6.902541904   -4.603268611
   -4.200000000   -7.275421297   -4.272565055
   -4.116000000   -7.619949787   -3.918183735
   -4.032000000   -7.930964609   -3.462238918
   -3.948000000   -8.197410360   -2.861181040
   -3.864000000   -8.407379422   -2.126680813
   -3.780000000   -8.553078466   -1.348221918
   -3.696000000   -8.635771320   -0.661600509
   -3.612000000   -8.667637004   -0.124971316
   -3.528000000   -8.659789866    0.282837536
   -3.444000000   -8.617363059    0.724953562
   -3.360000000   -8.531488286    1.335734577
   -3.276000000   -8.387422811    2.090581341
   -3.192000000   -8.180850553    2.782406453
   -3.108000000   -7.926805307    3.164061264
   -3.024000000   -7.657729508    3.156791911
   -2.940000000   -7.402180650    2.881106707
   -2.856000000   -7.171388419    2.597971764
   -2.772000000   -6.957929823    2.489331322
   -2.688000000   -6.746630581    2.537657324
   -2.604000000   -6.529375860    2.591115220
   -2.520000000   -6.312622511    2.527109682
   -2.436000000   -6.106246230    2.351797974
   -2.352000000   -5.915064340    2.173531936
   -2.268000000   -5.736371301    2.076021113
   -2.184000000   -5.563792907    2.009934162
   -2.100000000   -5.398565946    1.876562655
   -2.016000000   -5.250264428    1.613954118
   -1.932000000   -5.129043505    1.253425556
   -1.848000000   -5.038494292    0.892745443
   -1.764000000   -4.975185498    0.603529380
   -1.680000000   -4.934021877    0.353723032
   -1.596000000   -4.916336178    0.029469628
   -1.512000000   -4.932446389   -0.448744276
   -1.428000000   -4.993792298   -1.031554212
   -1.344000000   -5.102506686   -1.544184169
   -1.260000000   -5.244544167   -1.806188414
   -1.176000000   -5.394709798   -1.728302231
   -1.092000000   -5.527503817   -1.424465876
   -1.008000000   -5.632500272   -1.101692755
   -0.924000000   -5.716744300   -0.946996989
   -0.840000000   -5.798139649   -1.042129296
   -0.756000000   -5.896054680   -1.330886933
   -0.672000000   -6.021665355   -1.658798661
   -0.588000000   -6.171797836   -1.902904550
   -0.504000000   -6.333477069   -1.915344191
   -0.420000000   -6.485257096   -1.656644766
   -0.336000000   -6.604613423   -1.159982506
   -0.252000000   -6.675190618   -0.528790093
   -0.168000000   -6.691289479    0.116663846
   -0.084000000   -6.656001618    0.689786879
    0.000000000   -6.577737199    1.139914103
    0.084000000   -6.467001277    1.465842754
    0.168000000   -6.332708703    1.697168822
    0.252000000   -6.181129066    1.893496460
    0.336000000   -6.011727991    2.135668073
    0.420000000   -5.816468420    2.512503971
    0.504000000   -5.583381479    3.044260960
    0.588000000   -5.301883084    3.639319416
    0.672000000   -4.972415448    4.155054997
    0.756000000   -4.606524206    4.498751588
    0.840000000   -4.219656040    4.670852523
    0.924000000   -3.823295954    4.734444736
    1.008000000   -3.423597200    4.745328141
    1.092000000   -3.025162753    4.700782895
    1.176000000   -2.634685919    4.551394511
    1.260000000   -2.262596184    4.278476900
    1.344000000   -1.917770288    3.892664650
    1.428000000   -1.607911384    3.468324834
    1.512000000   -1.333687673    3.029503879
    1.596000000   -1.095764223    2.627108804
    1.680000000   -0.890165221    2.265031294
    1.764000000   -0.712583123    1.959842714
    1.848000000   -0.558217567    1.714570414
    1.932000000   -0.422737957    1.496940187
    2.016000000   -0.305492636    1.278489417
    2.100000000   -0.207656886    1.035771084
    2.184000000   -0.131325417    0.778855554
    2.268000000   -0.076207108    0.529268707
    2.352000000   -0.040475800    0.325730543
    2.436000000   -0.019385624    0.177371752
    2.520000000   -0.008536689    0.088612107
    2.604000000   -0.003319480    0.038333975
    2.688000000   -0.001105859    0.013989438
    2.772000000   -0.000294618    0.004023142
    2.856000000   -0.000000000   -0.000000000
    2.940000000   -0.000000000   -0.000000000
    3.024000000   -0.000000000   -0.000000000
    3.108000000   -0.000000000   -0.000000000
    3.192000000   -0.000000000   -0.000000000
    3.276000000   -0.000000000   -0.000000000
    3.360000000   -0.000000000   -0.000000000
    3.444000000   -0.000000000   -0.000000000
    3.528000000   -0.000000000   -0.000000000
    3.612000000   -0.000000000   -0.000000000
    3.696000000   -0.000000000   -0.000000000
    3.780000000   -0.000000000   -0.000000000
    3.864000000   -0.000000000   -0.000000000
    3.948000000   -0.000000000   -0.000000000
    4.032000000   -0.000000000   -0.000000000
    4.116000000   -0.000000000   -0.000000000
    4.200000000   -0.000000000   -0.000000000
    4.284000000   -0.000000000   -0.000000000
    4.368000000   -0.000000000   -0.000000000
    4.452000000   -0.000000000   -0.000000000
    4.536000000   -0.000000000   -0.000000000
    4.620000000   -0.000000000   -0.000000000
    4.704000000   -0.000000000   -0.000000000
    4.788000000   -0.000000000   -0.000000000
    4.872000000   -0.000000000   -0.000000000
    4.956000000   -0.000000000   -0.000000000
    5.040000000   -0.000000000   -0.000000000
    5.124000000   -0.000000000   -0.000000000
    5.208000000   -0.000000000   -0.000000000
    5.292000000   -0.000000000   -0.000000000
    5.376000000   -0.000000000   -0.000000000
    5.460000000   -0.000000000   -0.000000000
    5.544000000   -0.000000000   -0.000000000
    5.628000000   -0.000000000   -0.000000000
    5.712000000   -0.000000000   -0.000000000
    5.796000000   -0.000000000   -0.000000000
    5.880000000   -0.000000000   -0.000000000
    5.964000000   -0.000000000   -0.000000000
    6.048000000   -0.000000000   -0.000000000
    6.132000000   -0.000000000   -0.000000000
    6.216000000   -0.000000000   -0.000000000
    6.300000000   -0.000000000   -0.000000000
    6.384000000   -0.000000000   -0.000000000
    6.468000000   -0.000000000   -0.000000000
    6.552000000   -0.000000000   -0.000000000
    6.636000000   -0.000000000   -0.000000000
    6.720000000   -0.000000000   -0.000000000
    6.804000000   -0.000000000   -0.000000000
    6.888000000   -0.000000000   -0.000000000
    6.972000000   -0.000000000   -0.000000000
    7.056000000   -0.000000000   -0.000000000
    7.140000000   -0.000000000   -0.000000000
    7.224000000   -0.000000000   -0.000000000
    7.308000000   -0.000000000   -0.000000000
    7.392000000   -0.000000000   -0.000000000
    7.476000000   -0.000000000   -0.000000000
    7.560000000   -0.000000000   -0.000000000
    7.644000000   -0.000000000   -0.000000000
    7.728000000   -0.000000000   -0.000000000
    7.812000000   -0.000000000   -0.000000000
    7.896000000   -0.000000000   -0.000000000
    7.980000000   -0.000000000   -0.000000000
    8.064000000   -0.000000000   -0.000000000
    8.148000000   -0.000000000   -0.000000000
    8.232000000   -0.000000000   -0.000000000
    8.316000000   -0.000000000   -0.000000000
    8.400000000   -0.000000000   -0.000000000
