#! FIELDS p.x file.free der_p.x
#! SET min_p.x -8.4
#! SET max_p.x 8.4
#! SET nbins_p.x  201
#! SET periodic_p.x false
   -8.400000000   -0.000000000   -0.000000000
   -8.316000000   -0.000000000   -0.000000000
   -8.232000000   -0.000000000   -0.000000000
   -8.148000000   -0.000000000   -0.000000000
   -8.064000000   -0.000000000   -0.000000000
   -7.980000000   -0.000000000   -0.000000000
   -7.896000000   -0.000000000   -0.000000000
   -7.812000000   -0.000000000   -0.000000000
   -7.728000000   -0.000000000   -0.000000000
   -7.644000000   -0.000000000   -0.000000000
   -7.560000000   -0.000000000   -0.000000000
   -7.476000000   -0.000000000   -0.000000000
   -7.392000000   -0.000000000   -0.000000000
   -7.308000000   -0.000000000   -0.000000000
   -7.224000000   -0.000000000   -0.000000000
   -7.140000000   -0.000000000   -0.000000000
   -7.056000000   -0.000000000   -0.000000000
   -6.972000000   -0.000000000   -0.000000000
   -6.888000000   -0.000000000   -0.000000000
   -6.804000000   -0.000000000   -0.000000000
   -6.720000000   -0.000000000   -0.000000000
   -6.636000000   -0.000000000   -0.000000000
   -6.552000000   -0.000000000   -0.000000000
   -6.468000000   -0.000000000   -0.000000000
   -6.384000000   -0.000000000   -0.000000000
   -6.300000000   -0.000000000   -0.000000000
   -6.216000000   -0.000000000   -0.000000000
   -6.132000000   -0.000000000   -0.000000000
   -6.048000000   -0.000096467   -0.001437974
   -5.964000000   -0.000373733   -0.005174990
   -5.880000000   -0.001265365   -0.016235453
   -5.796000000   -0.003762371   -0.044504470
   -5.712000000   -0.009935048   -0.107226261
   -5.628000000   -0.024003981   -0.235866350
   -5.544000000   -0.052661665   -0.465867612
   -5.460000000   -0.106661186   -0.845174532
   -5.376000000   -0.200124455   -1.410098310
   -5.292000000   -0.349450223   -2.170586518
   -5.208000000   -0.569450166   -3.079870773
   -5.124000000   -0.868291791   -4.023403412
   -5.040000000   -1.242287338   -4.836534216
   -4.956000000   -1.672940774   -5.352038250
   -4.872000000   -2.131137997   -5.490420466
   -4.788000000   -2.586765149   -5.312204317
   -4.704000000   -3.020206635   -4.996057171
   -4.620000000   -3.428408709   -4.737842128
   -4.536000000   -3.821268102   -4.637091901
   -4.452000000   -4.211375303   -4.658494846
   -4.368000000   -4.604567925   -4.689151781
   -4.284000000   -4.996951853   -4.626875485
   -4.200000000   -5.378614200   -4.430915119
   -4.116000000   -5.738028803   -4.097994101
   -4.032000000   -6.063223550   -3.611070925
   -3.948000000   -6.339259710   -2.923460405
   -3.864000000   -6.547838896   -2.012337688
   -3.780000000   -6.672312316   -0.942251958
   -3.696000000   -6.706329341    0.099938613
   -3.612000000   -6.661432778    0.913664945
   -3.528000000   -6.563016064    1.355414185
   -3.444000000   -6.442243436    1.455616312
   -3.360000000   -6.322538865    1.364317011
   -3.276000000   -6.212450432    1.257552630
   -3.192000000   -6.107349869    1.255030190
   -3.108000000   -5.995327580    1.415304406
   -3.024000000   -5.862791661    1.748333881
   -2.940000000   -5.695690220    2.230894927
   -2.856000000   -5.482972548    2.814732709
   -2.772000000   -5.219741098    3.413305731
   -2.688000000   -4.910580465    3.899618107
   -2.604000000   -4.569572818    4.152263460
   -2.520000000   -4.218886427    4.138890664
   -2.436000000   -3.878044914    3.932700873
   -2.352000000   -3.557741141    3.675680026
   -2.268000000   -3.257566764    3.471897975
   -2.184000000   -2.971955112    3.318162808
   -2.100000000   -2.699552845    3.123683551
   -2.016000000   -2.449518430    2.777784895
   -1.932000000   -2.237412080    2.225346002
   -1.848000000   -2.079023912    1.515534428
   -1.764000000   -1.982020203    0.784422309
   -1.680000000   -1.942015690    0.184535891
   -1.596000000   -1.944203360   -0.215279749
   -1.512000000   -1.972290031   -0.434576569
   -1.428000000   -2.014645754   -0.579272510
   -1.344000000   -2.069623905   -0.750531313
   -1.260000000   -2.142524208   -1.011071343
   -1.176000000   -2.241065261   -1.355820101
   -1.092000000   -2.371776199   -1.777697583
   -1.008000000   -2.540413158   -2.243403471
   -0.924000000   -2.748904852   -2.720164909
   -0.840000000   -2.994751389   -3.106986564
   -0.756000000   -3.264425884   -3.266719549
   -0.672000000   -3.532847104   -3.055874714
   -0.588000000   -3.766900482   -2.462202050
   -0.504000000   -3.937655423   -1.582001027
   -0.420000000   -4.031015037   -0.658687293
   -0.336000000   -4.053929260    0.059242358
   -0.252000000   -4.031277545    0.412722079
   -0.168000000   -3.994514516    0.416964989
   -0.084000000   -3.965588947    0.251181162
    0.000000000   -3.948635158    0.179580423
    0.084000000   -3.927310071    0.379801516
    0.168000000   -3.876087742    0.864710143
    0.252000000   -3.776629818    1.503808977
    0.336000000   -3.623678826    2.100884670
    0.420000000   -3.425636948    2.571275416
    0.504000000   -3.192925028    2.951540631
    0.588000000   -2.929194377    3.318725190
    0.672000000   -2.633726887    3.694267672
    0.756000000   -2.309273587    4.002810413
    0.840000000   -1.966635800    4.096749902
    0.924000000   -1.627826390    3.916425943
    1.008000000   -1.314778769    3.488362151
    1.092000000   -1.043757953    2.938375007
    1.176000000   -0.819461704    2.390024439
    1.260000000   -0.638377249    1.932360381
    1.344000000   -0.491259855    1.572678945
    1.428000000   -0.370846606    1.304478892
    1.512000000   -0.270379156    1.073442139
    1.596000000   -0.188575991    0.869568188
    1.680000000   -0.123709807    0.666919725
    1.764000000   -0.075504065    0.475276483
    1.848000000   -0.042528690    0.311108106
    1.932000000   -0.021962043    0.185121388
    2.016000000   -0.010166827    0.096711874
    2.100000000   -0.004240604    0.045174928
    2.184000000   -0.001642054    0.019602908
    2.268000000   -0.000514266    0.006678447
    2.352000000   -0.000163275    0.002339793
    2.436000000   -0.000000000   -0.000000000
    2.520000000   -0.000000000   -0.000000000
    2.604000000   -0.000000000   -0.000000000
    2.688000000   -0.000000000   -0.000000000
    2.772000000   -0.000000000   -0.000000000
    2.856000000   -0.000000000   -0.000000000
    2.940000000   -0.000000000   -0.000000000
    3.024000000   -0.000000000   -0.000000000
    3.108000000   -0.000000000   -0.000000000
    3.192000000   -0.000000000   -0.000000000
    3.276000000   -0.000000000   -0.000000000
    3.360000000   -0.000000000   -0.000000000
    3.444000000   -0.000000000   -0.000000000
    3.528000000   -0.000000000   -0.000000000
    3.612000000   -0.000000000   -0.000000000
    3.696000000   -0.000000000   -0.000000000
    3.780000000   -0.000000000   -0.000000000
    3.864000000   -0.000000000   -0.000000000
    3.948000000   -0.000000000   -0.000000000
    4.032000000   -0.000000000   -0.000000000
    4.116000000   -0.000000000   -0.000000000
    4.200000000   -0.000000000   -0.000000000
    4.284000000   -0.000000000   -0.000000000
    4.368000000   -0.000000000   -0.000000000
    4.452000000   -0.000000000   -0.000000000
    4.536000000   -0.000000000   -0.000000000
    4.620000000   -0.000000000   -0.000000000
    4.704000000   -0.000000000   -0.000000000
    4.788000000   -0.000000000   -0.000000000
    4.872000000   -0.000000000   -0.000000000
    4.956000000   -0.000000000   -0.000000000
    5.040000000   -0.000000000   -0.000000000
    5.124000000   -0.000000000   -0.000000000
    5.208000000   -0.000000000   -0.000000000
    5.292000000   -0.000000000   -0.000000000
    5.376000000   -0.000000000   -0.000000000
    5.460000000   -0.000000000   -0.000000000
    5.544000000   -0.000000000   -0.000000000
    5.628000000   -0.000000000   -0.000000000
    5.712000000   -0.000000000   -0.000000000
    5.796000000   -0.000000000   -0.000000000
    5.880000000   -0.000000000   -0.000000000
    5.964000000   -0.000000000   -0.000000000
    6.048000000   -0.000000000   -0.000000000
    6.132000000   -0.000000000   -0.000000000
    6.216000000   -0.000000000   -0.000000000
    6.300000000   -0.000000000   -0.000000000
    6.384000000   -0.000000000   -0.000000000
    6.468000000   -0.000000000   -0.000000000
    6.552000000   -0.000000000   -0.000000000
    6.636000000   -0.000000000   -0.000000000
    6.720000000   -0.000000000   -0.000000000
    6.804000000   -0.000000000   -0.000000000
    6.888000000   -0.000000000   -0.000000000
    6.972000000   -0.000000000   -0.000000000
    7.056000000   -0.000000000   -0.000000000
    7.140000000   -0.000000000   -0.000000000
    7.224000000   -0.000000000   -0.000000000
    7.308000000   -0.000000000   -0.000000000
    7.392000000   -0.000000000   -0.000000000
    7.476000000   -0.000000000   -0.000000000
    7.560000000   -0.000000000   -0.000000000
    7.644000000   -0.000000000   -0.000000000
    7.728000000   -0.000000000   -0.000000000
    7.812000000   -0.000000000   -0.000000000
    7.896000000   -0.000000000   -0.000000000
    7.980000000   -0.000000000   -0.000000000
    8.064000000   -0.000000000   -0.000000000
    8.148000000   -0.000000000   -0.000000000
    8.232000000   -0.000000000   -0.000000000
    8.316000000   -0.000000000   -0.000000000
    8.400000000   -0.000000000   -0.000000000
