#! FIELDS p.x file.free der_p.x
#! SET min_p.x -8.4
#! SET max_p.x 8.4
#! SET nbins_p.x  201
#! SET periodic_p.x false
   -8.400000000   -5.610287192   -7.218887541
   -8.316000000   -6.023235500   -2.625280592
   -8.232000000   -6.076565922    1.102961358
   -8.148000000   -5.892707134    2.924530181
   -8.064000000   -5.641439445    2.782882612
   -7.980000000   -5.459571421    1.446954030
   -7.896000000   -5.402793355   -0.041526204
   -7.812000000   -5.450353081   -0.952677869
   -7.728000000   -5.541216585   -1.086415358
   -7.644000000   -5.618463941   -0.692530043
   -7.560000000   -5.655202043   -0.190180451
   -7.476000000   -5.657312763    0.089621331
   -7.392000000   -5.649285816   -0.006637574
   -7.308000000   -5.662336776   -0.347219519
   -7.224000000   -5.710274819   -0.798540883
   -7.140000000   -5.793251783   -1.163763659
   -7.056000000   -5.899186663   -1.311242885
   -6.972000000   -6.006355250   -1.224219542
   -6.888000000   -6.099157750   -0.978265360
   -6.804000000   -6.170146278   -0.762854381
   -6.720000000   -6.230562202   -0.733860159
   -6.636000000   -6.300791346   -0.996236483
   -6.552000000   -6.403722538   -1.495761403
   -6.468000000   -6.553147719   -2.064193608
   -6.384000000   -6.746993496   -2.533800215
   -6.300000000   -6.972987043   -2.817985973
   -6.216000000   -7.215047112   -2.934444305
   -6.132000000   -7.462786668   -2.963596284
   -6.048000000   -7.712662127   -3.001838356
   -5.964000000   -7.967857828   -3.084694549
   -5.880000000   -8.233730111   -3.274668511
   -5.796000000   -8.519692705   -3.564363400
   -5.712000000   -8.833099338   -3.906584423
   -5.628000000   -9.175292283   -4.219131621
   -5.544000000   -9.539119562   -4.427554903
   -5.460000000   -9.917093119   -4.569054907
   -5.376000000  -10.306214276   -4.724844208
   -5.292000000  -10.713283207   -4.998891784
   -5.208000000  -11.148489660   -5.379127729
   -5.124000000  -11.617743866   -5.811380896
   -5.040000000  -12.123210011   -6.217373796
   -4.956000000  -12.660686267   -6.588065470
   -4.872000000  -13.225619618   -6.846173760
   -4.788000000  -13.802493930   -6.842665365
   -4.704000000  -14.361676808   -6.407236723
   -4.620000000  -14.866203515   -5.560613373
   -4.536000000  -15.290893792   -4.574339324
   -4.452000000  -15.639415914   -3.808910153
   -4.368000000  -15.941525665   -3.499894641
   -4.284000000  -16.234752567   -3.525366462
   -4.200000000  -16.534766089   -3.605753453
   -4.116000000  -16.832610800   -3.455845625
   -4.032000000  -17.102332256   -2.935760313
   -3.948000000  -17.315081972   -2.124492167
   -3.864000000  -17.453180415   -1.168842203
   -3.780000000  -17.510625275   -0.234898656
   -3.696000000  -17.494207368    0.537351953
   -3.612000000  -17.423268076    1.089748681
   -3.528000000  -17.316298962    1.354997019
   -3.444000000  -17.195849144    1.465834223
   -3.360000000  -17.068686853    1.531072592
   -3.276000000  -16.932749067    1.690225758
   -3.192000000  -16.780110123    1.903519963
   -3.108000000  -16.610117472    2.058189893
   -3.024000000  -16.433903579    2.060542027
   -2.940000000  -16.264326382    1.918981055
   -2.856000000  -16.107148918    1.784559755
   -2.772000000  -15.954822595    1.824386749
   -2.688000000  -15.790136540    2.083823854
   -2.604000000  -15.596760843    2.476793734
   -2.520000000  -15.371207668    2.850767506
   -2.436000000  -15.119186185    3.060102592
   -2.352000000  -14.857806551    3.073693605
   -2.268000000  -14.604906309    2.887460149
   -2.184000000  -14.375860192    2.483817119
   -2.100000000  -14.187037712    1.949688833
   -2.016000000  -14.045309782    1.388437810
   -1.932000000  -13.945972042    0.975028465
   -1.848000000  -13.869957839    0.849177231
   -1.764000000  -13.791930055    1.000410343
   -1.680000000  -13.695919293    1.217650855
   -1.596000000  -13.590430117    1.182619777
   -1.512000000  -13.507445091    0.691868224
   -1.428000000  -13.481594797   -0.151516891
   -1.344000000  -13.528763141   -0.967752413
   -1.260000000  -13.631176884   -1.437755017
   -1.176000000  -13.754471982   -1.466429693
   -1.092000000  -13.869527124   -1.304441327
   -1.008000000  -13.972271278   -1.207643826
   -0.924000000  -14.074017846   -1.257457824
   -0.840000000  -14.182802710   -1.349498190
   -0.756000000  -14.294910320   -1.352671704
   -0.672000000  -14.404049116   -1.265304830
   -0.588000000  -14.507988816   -1.273705808
   -0.504000000  -14.618943465   -1.419711960
   -0.420000000  -14.744876407   -1.582834184
   -0.336000000  -14.876186345   -1.497732453
   -0.252000000  -14.980739188   -0.962845550
   -0.168000000  -15.020190169    0.036119686
   -0.084000000  -14.964543945    1.266145776
    0.000000000  -14.808973173    2.359021955
    0.084000000  -14.580878849    2.920939663
    0.168000000  -14.335072244    2.755879376
    0.252000000  -14.131122993    1.976387409
    0.336000000  -14.004886671    1.018289026
    0.420000000  -13.943413055    0.509366313
    0.504000000  -13.889684957    0.905499386
    0.588000000  -13.764380584    2.162669236
    0.672000000  -13.512545154    3.795727344
    0.756000000  -13.129235816    5.191114080
    0.840000000  -12.655187671    5.926406964
    0.924000000  -12.150427513    5.939504444
    1.008000000  -11.666501536    5.479282738
    1.092000000  -11.228493734    4.899730883
    1.176000000  -10.835279821    4.467424288
    1.260000000  -10.468297690    4.284709225
    1.344000000  -10.107567056    4.295411720
    1.428000000   -9.742467677    4.356681392
    1.512000000   -9.375659583    4.285498999
    1.596000000   -9.024448948    3.977542541
    1.680000000   -8.711905492    3.389562236
    1.764000000   -8.458998063    2.586505796
    1.848000000   -8.276045914    1.739174866
    1.932000000   -8.158508791    1.079820706
    2.016000000   -8.083897761    0.728320212
    2.100000000   -8.026565042    0.625624738
    2.184000000   -7.975772530    0.548301304
    2.268000000   -7.941705305    0.153373742
    2.352000000   -7.960546399   -0.703072301
    2.436000000   -8.069612818   -1.966529475
    2.520000000   -8.291057590   -3.316142697
    2.604000000   -8.618877140   -4.437363040
    2.688000000   -9.022999450   -5.132021374
    2.772000000   -9.467854675   -5.407994328
    2.856000000   -9.923381105   -5.436679100
    2.940000000  -10.379322900   -5.442608024
    3.024000000  -10.841050387   -5.601479517
    3.108000000  -11.325474460   -5.992009289
    3.192000000  -11.850907757   -6.553762864
    3.276000000  -12.426176286   -7.130325756
    3.360000000  -13.043935333   -7.534406249
    3.444000000  -13.683640526   -7.655059703
    3.528000000  -14.322155248   -7.519862438
    3.612000000  -14.943960049   -7.304881570
    3.696000000  -15.551210843   -7.184932014
    3.780000000  -16.154278969   -7.211415517
    3.864000000  -16.763118666   -7.304107447
    3.948000000  -17.377786076   -7.331228460
    4.032000000  -17.990476944   -7.254505060
    4.116000000  -18.591739907   -7.052290101
    4.200000000  -19.169067613   -6.689100086
    4.284000000  -19.704994741   -6.012700617
    4.368000000  -20.165571967   -4.920271602
    4.452000000  -20.516676593   -3.402439717
    4.536000000  -20.730572977   -1.743302665
    4.620000000  -20.811539545   -0.288976543
    4.704000000  -20.790586152    0.645864201
    4.788000000  -20.715085380    1.061494363
    4.872000000  -20.616442715    1.240253026
    4.956000000  -20.495820453    1.638937701
    5.040000000  -20.321863429    2.550877090
    5.124000000  -20.052122727    3.855283838
    5.208000000  -19.671452910    5.116920753
    5.292000000  -19.203180092    5.863616418
    5.376000000  -18.700610991    5.930274580
    5.460000000  -18.213864725    5.562304188
    5.544000000  -17.760736445    5.233932170
    5.628000000  -17.319028375    5.286449655
    5.712000000  -16.852364989    5.825623002
    5.796000000  -16.328382573    6.590781907
    5.880000000  -15.742650214    7.278080334
    5.964000000  -15.110674343    7.642616639
    6.048000000  -14.461263108    7.699460500
    6.132000000  -13.815479941    7.595478204
    6.216000000  -13.178574497    7.510496973
    6.300000000  -12.544492881    7.568480022
    6.384000000  -11.900456626    7.719890159
    6.468000000  -11.243167968    7.850455834
    6.552000000  -10.581008648    7.817219294
    6.636000000   -9.932510227    7.528384720
    6.720000000   -9.319598256    6.961164438
    6.804000000   -8.764304665    6.180060078
    6.888000000   -8.281247368    5.253422610
    6.972000000   -7.878416375    4.301372010
    7.056000000   -7.551048352    3.483840794
    7.140000000   -7.280947863    2.963939028
    7.224000000   -7.038510711    2.819171797
    7.308000000   -6.795265514    2.987626167
    7.392000000   -6.531325425    3.262860784
    7.476000000   -6.245755641    3.466401603
    7.560000000   -5.951995740    3.456197017
    7.644000000   -5.670920903    3.168433821
    7.728000000   -5.425404610    2.597196523
    7.812000000   -5.237149002    1.824248537
    7.896000000   -5.116766735    1.036809899
    7.980000000   -5.052058214    0.579781730
    8.064000000   -4.996387389    0.877480578
    8.148000000   -4.872374103    2.220612538
    8.232000000   -4.594975362    4.471666846
    8.316000000   -4.111412336    6.986884029
    8.400000000   -3.436043203    8.900451606
