#! FIELDS p.x file.free der_p.x
#! SET min_p.x -8.4
#! SET max_p.x 8.4
#! SET nbins_p.x  201
#! SET periodic_p.x false
   -8.400000000   -0.000000000   -0.000000000
   -8.316000000   -0.000000000   -0.000000000
   -8.232000000   -0.000000000   -0.000000000
   -8.148000000   -0.000000000   -0.000000000
   -8.064000000   -0.000000000   -0.000000000
   -7.980000000   -0.000000000   -0.000000000
   -7.896000000   -0.000000000   -0.000000000
   -7.812000000   -0.000000000   -0.000000000
   -7.728000000   -0.000000000   -0.000000000
   -7.644000000   -0.000000000   -0.000000000
   -7.560000000   -0.000000000   -0.000000000
   -7.476000000   -0.000000000   -0.000000000
   -7.392000000   -0.000000000   -0.000000000
   -7.308000000   -0.000000000   -0.000000000
   -7.224000000   -0.000066334   -0.001015119
   -7.140000000   -0.000257904   -0.003666006
   -7.056000000   -0.000805868   -0.010406393
   -6.972000000   -0.002257876   -0.026231371
   -6.888000000   -0.005675243   -0.058615589
   -6.804000000   -0.012803979   -0.115814750
   -6.720000000   -0.025942657   -0.201536138
   -6.636000000   -0.047230621   -0.306907165
   -6.552000000   -0.077359364   -0.405435228
   -6.468000000   -0.114022942   -0.455487657
   -6.384000000   -0.151528370   -0.420430325
   -6.300000000   -0.182260363   -0.295300970
   -6.216000000   -0.199799738   -0.119684819
   -6.132000000   -0.203522264    0.018466129
   -6.048000000   -0.200973200    0.016109993
   -5.964000000   -0.207131845   -0.200725845
   -5.880000000   -0.241913534   -0.661623646
   -5.796000000   -0.324545833   -1.331284744
   -5.712000000   -0.469542840   -2.129873789
   -5.628000000   -0.683772553   -2.957630007
   -5.544000000   -0.964606432   -3.706617828
   -5.460000000   -1.303035381   -4.314697726
   -5.376000000   -1.685276529   -4.753736909
   -5.292000000   -2.098108655   -5.050485672
   -5.208000000   -2.531470894   -5.253597779
   -5.124000000   -2.979655098   -5.406641025
   -5.040000000   -3.439915621   -5.538028342
   -4.956000000   -3.909650116   -5.630105381
   -4.872000000   -4.384211663   -5.644658062
   -4.788000000   -4.855100304   -5.537759201
   -4.704000000   -5.311264229   -5.293847357
   -4.620000000   -5.742155965   -4.945166004
   -4.536000000   -6.141561671   -4.561046991
   -4.452000000   -6.509938101   -4.218767167
   -4.368000000   -6.853002498   -3.973090227
   -4.284000000   -7.179377797   -3.800963448
   -4.200000000   -7.492478454   -3.644679756
   -4.116000000   -7.789484224   -3.411865631
   -4.032000000   -8.061131927   -3.029454731
   -3.948000000   -8.293321784   -2.484090986
   -3.864000000   -8.473877071   -1.807128381
   -3.780000000   -8.595577391   -1.099511312
   -3.696000000   -8.660476370   -0.488546267
   -3.612000000   -8.680655861   -0.017492604
   -3.528000000   -8.665878361    0.340456899
   -3.444000000   -8.619961746    0.753039259
   -3.360000000   -8.532479045    1.347773932
   -3.276000000   -8.387760216    2.095134845
   -3.192000000   -8.180850553    2.782406453
   -3.108000000   -7.926805307    3.164061264
   -3.024000000   -7.657729508    3.156791911
   -2.940000000   -7.402180650    2.881106707
   -2.856000000   -7.171388419    2.597971764
   -2.772000000   -6.957929823    2.489331322
   -2.688000000   -6.746630581    2.537657324
   -2.604000000   -6.529375860    2.591115220
   -2.520000000   -6.312622511    2.527109682
   -2.436000000   -6.106246230    2.351797974
   -2.352000000   -5.915064340    2.173531936
   -2.268000000   -5.736371301    2.076021113
   -2.184000000   -5.563792907    2.009934162
   -2.100000000   -5.398565946    1.876562655
   -2.016000000   -5.250264428    1.613954118
   -1.932000000   -5.129043505    1.253425556
   -1.848000000   -5.038494292    0.892745443
   -1.764000000   -4.975185498    0.603529380
   -1.680000000   -4.934021877    0.353723032
   -1.596000000   -4.916336178    0.029469628
   -1.512000000   -4.932446389   -0.448744276
   -1.428000000   -4.993792298   -1.031554212
   -1.344000000   -5.102506686   -1.544184169
   -1.260000000   -5.244544167   -1.806188414
   -1.176000000   -5.394709798   -1.728302231
   -1.092000000   -5.527503817   -1.424465876
   -1.008000000   -5.632500272   -1.101692755
   -0.924000000   -5.716744300   -0.946996989
   -0.840000000   -5.798139649   -1.042129296
   -0.756000000   -5.896054680   -1.330886933
   -0.672000000   -6.021665355   -1.658798661
   -0.588000000   -6.171797836   -1.902904550
   -0.504000000   -6.333477069   -1.915344191
   -0.420000000   -6.485257096   -1.656644766
   -0.336000000   -6.604613423   -1.159982506
   -0.252000000   -6.675190618   -0.528790093
   -0.168000000   -6.691289479    0.116663846
   -0.084000000   -6.656001618    0.689786879
    0.000000000   -6.577737199    1.139914103
    0.084000000   -6.467001277    1.465842754
    0.168000000   -6.332708703    1.697168822
    0.252000000   -6.181129066    1.893496460
    0.336000000   -6.011727991    2.135668073
    0.420000000   -5.816468420    2.512503971
    0.504000000   -5.583381479    3.044260960
    0.588000000   -5.301883084    3.639319416
    0.672000000   -4.972415448    4.155054997
    0.756000000   -4.606524206    4.498751588
    0.840000000   -4.219656040    4.670852523
    0.924000000   -3.823295954    4.734444736
    1.008000000   -3.423597200    4.745328141
    1.092000000   -3.025162753    4.700782895
    1.176000000   -2.634685919    4.551394511
    1.260000000   -2.262596184    4.278476900
    1.344000000   -1.917770288    3.892664650
    1.428000000   -1.607911384    3.468324834
    1.512000000   -1.333687673    3.029503879
    1.596000000   -1.095764223    2.627108804
    1.680000000   -0.890165221    2.265031294
    1.764000000   -0.712583123    1.959842714
    1.848000000   -0.558217567    1.714570414
    1.932000000   -0.422737957    1.496940187
    2.016000000   -0.305492636    1.278489417
    2.100000000   -0.207656886    1.035771084
    2.184000000   -0.131325417    0.778855554
    2.268000000   -0.076207108    0.529268707
    2.352000000   -0.040475800    0.325730543
    2.436000000   -0.019385624    0.177371752
    2.520000000   -0.008536689    0.088612107
    2.604000000   -0.003319480    0.038333975
    2.688000000   -0.001105859    0.013989438
    2.772000000   -0.000294618    0.004023142
    2.856000000   -0.000000000   -0.000000000
    2.940000000   -0.000000000   -0.000000000
    3.024000000   -0.000000000   -0.000000000
    3.108000000   -0.000000000   -0.000000000
    3.192000000   -0.000000000   -0.000000000
    3.276000000   -0.000000000   -0.000000000
    3.360000000   -0.000000000   -0.000000000
    3.444000000   -0.000000000   -0.000000000
    3.528000000   -0.000000000   -0.000000000
    3.612000000   -0.000000000   -0.000000000
    3.696000000   -0.000000000   -0.000000000
    3.780000000   -0.000000000   -0.000000000
    3.864000000   -0.000000000   -0.000000000
    3.948000000   -0.000000000   -0.000000000
    4.032000000   -0.000000000   -0.000000000
    4.116000000   -0.000000000   -0.000000000
    4.200000000   -0.000000000   -0.000000000
    4.284000000   -0.000000000   -0.000000000
    4.368000000   -0.000000000   -0.000000000
    4.452000000   -0.000000000   -0.000000000
    4.536000000   -0.000000000   -0.000000000
    4.620000000   -0.000000000   -0.000000000
    4.704000000   -0.000000000   -0.000000000
    4.788000000   -0.000000000   -0.000000000
    4.872000000   -0.000000000   -0.000000000
    4.956000000   -0.000000000   -0.000000000
    5.040000000   -0.000000000   -0.000000000
    5.124000000   -0.000000000   -0.000000000
    5.208000000   -0.000000000   -0.000000000
    5.292000000   -0.000000000   -0.000000000
    5.376000000   -0.000000000   -0.000000000
    5.460000000   -0.000000000   -0.000000000
    5.544000000   -0.000000000   -0.000000000
    5.628000000   -0.000000000   -0.000000000
    5.712000000   -0.000000000   -0.000000000
    5.796000000   -0.000000000   -0.000000000
    5.880000000   -0.000000000   -0.000000000
    5.964000000   -0.000000000   -0.000000000
    6.048000000   -0.000000000   -0.000000000
    6.132000000   -0.000000000   -0.000000000
    6.216000000   -0.000000000   -0.000000000
    6.300000000   -0.000000000   -0.000000000
    6.384000000   -0.000000000   -0.000000000
    6.468000000   -0.000000000   -0.000000000
    6.552000000   -0.000000000   -0.000000000
    6.636000000   -0.000000000   -0.000000000
    6.720000000   -0.000000000   -0.000000000
    6.804000000   -0.000000000   -0.000000000
    6.888000000   -0.000000000   -0.000000000
    6.972000000   -0.000000000   -0.000000000
    7.056000000   -0.000000000   -0.000000000
    7.140000000   -0.000000000   -0.000000000
    7.224000000   -0.000000000   -0.000000000
    7.308000000   -0.000000000   -0.000000000
    7.392000000   -0.000000000   -0.000000000
    7.476000000   -0.000000000   -0.000000000
    7.560000000   -0.000000000   -0.000000000
    7.644000000   -0.000000000   -0.000000000
    7.728000000   -0.000000000   -0.000000000
    7.812000000   -0.000000000   -0.000000000
    7.896000000   -0.000000000   -0.000000000
    7.980000000   -0.000000000   -0.000000000
    8.064000000   -0.000000000   -0.000000000
    8.148000000   -0.000000000   -0.000000000
    8.232000000   -0.000000000   -0.000000000
    8.316000000   -0.000000000   -0.000000000
    8.400000000   -0.000000000   -0.000000000
