#! FIELDS p.x file.free der_p.x
#! SET min_p.x -8.4
#! SET max_p.x 8.4
#! SET nbins_p.x  201
#! SET periodic_p.x false
   -8.400000000   -1.122909410   -2.192100704
   -8.316000000   -1.269371428   -1.251892525
   -8.232000000   -1.330908472   -0.225669458
   -8.148000000   -1.314188416    0.563989215
   -8.064000000   -1.248789972    0.916114080
   -7.980000000   -1.172988895    0.825283748
   -7.896000000   -1.118437580    0.442623953
   -7.812000000   -1.101263729   -0.030546052
   -7.728000000   -1.121685549   -0.435664049
   -7.644000000   -1.170676340   -0.707026695
   -7.560000000   -1.236946323   -0.849156659
   -7.476000000   -1.310577727   -0.884184352
   -7.392000000   -1.382593516   -0.825051106
   -7.308000000   -1.445544496   -0.664238384
   -7.224000000   -1.492203747   -0.444630020
   -7.140000000   -1.520518312   -0.249273939
   -7.056000000   -1.537646403   -0.183707325
   -6.972000000   -1.557330708   -0.327280163
   -6.888000000   -1.599001072   -0.692181616
   -6.804000000   -1.678337864   -1.216848935
   -6.720000000   -1.804292091   -1.777636911
   -6.636000000   -1.974156943   -2.244558053
   -6.552000000   -2.175633429   -2.515643357
   -6.468000000   -2.391534069   -2.592072016
   -6.384000000   -2.608088491   -2.554365237
   -6.300000000   -2.820857940   -2.516881267
   -6.216000000   -3.033356666   -2.565192902
   -6.132000000   -3.254640504   -2.718828639
   -6.048000000   -3.493334187   -2.971275756
   -5.964000000   -3.756642295   -3.304753724
   -5.880000000   -4.051564746   -3.731751167
   -5.796000000   -4.385682156   -4.229365645
   -5.712000000   -4.762986942   -4.745216873
   -5.628000000   -5.181488764   -5.189581019
   -5.544000000   -5.631536975   -5.502197716
   -5.460000000   -6.103465523   -5.713678614
   -5.376000000   -6.590580994   -5.886269727
   -5.292000000   -7.093157144   -6.080396944
   -5.208000000   -7.611892387   -6.256928736
   -5.124000000   -8.143073068   -6.383663214
   -5.040000000   -8.683650910   -6.479500748
   -4.956000000   -9.234129768   -6.652159228
   -4.872000000   -9.804811707   -6.955811553
   -4.788000000  -10.404132441   -7.303920062
   -4.704000000  -11.026688254   -7.471197793
   -4.620000000  -11.649662614   -7.295421163
   -4.536000000  -12.243872192   -6.824499623
   -4.452000000  -12.793106328   -6.273941847
   -4.368000000  -13.301947497   -5.898731111
   -4.284000000  -13.789249555   -5.736271258
   -4.200000000  -14.267576082   -5.645095516
   -4.116000000  -14.732769171   -5.402537686
   -4.032000000  -15.164183491   -4.826128005
   -3.948000000  -15.532600930   -3.922028949
   -3.864000000  -15.815131276   -2.791640026
   -3.780000000  -15.999797629   -1.624319718
   -3.696000000  -16.090903923   -0.619492997
   -3.612000000  -16.109555682    0.107320684
   -3.528000000  -16.080641326    0.472731719
   -3.444000000  -16.033119697    0.605944747
   -3.360000000  -15.979255932    0.643851860
   -3.276000000  -15.919683814    0.767517792
   -3.192000000  -15.844293819    1.016683465
   -3.108000000  -15.742366621    1.360672497
   -3.024000000  -15.609241345    1.776897081
   -2.940000000  -15.438625177    2.260547269
   -2.856000000  -15.222242823    2.857983157
   -2.772000000  -14.951484371    3.545765511
   -2.688000000  -14.625341576    4.144301942
   -2.604000000  -14.260268744    4.427219987
   -2.520000000  -13.891147315    4.254804431
   -2.436000000  -13.554588169    3.650262547
   -2.352000000  -13.279324330    2.836666077
   -2.268000000  -13.073996199    2.043977764
   -2.184000000  -12.929714384    1.368452643
   -2.100000000  -12.835032134    0.871091448
   -2.016000000  -12.774997202    0.544428203
   -1.932000000  -12.733707253    0.442805414
   -1.848000000  -12.689779463    0.606480371
   -1.764000000  -12.622780380    0.962925970
   -1.680000000  -12.525566455    1.273923030
   -1.596000000  -12.416260441    1.205384426
   -1.512000000  -12.336575142    0.576241746
   -1.428000000  -12.328789297   -0.461733284
   -1.344000000  -12.411396882   -1.491636632
   -1.260000000  -12.565756342   -2.139520197
   -1.176000000  -12.752602604   -2.258904069
   -1.092000000  -12.934554788   -2.074524160
   -1.008000000  -13.098083351   -1.868933222
   -0.924000000  -13.249549161   -1.782278008
   -0.840000000  -13.398649180   -1.797491440
   -0.756000000  -13.550031141   -1.859706161
   -0.672000000  -13.709582310   -1.978972659
   -0.588000000  -13.885364828   -2.269372808
   -0.504000000  -14.091350609   -2.664820540
   -0.420000000  -14.328028866   -2.943819483
   -0.336000000  -14.572303591   -2.795089441
   -0.252000000  -14.777957797   -2.045025280
   -0.168000000  -14.896709079   -0.762490882
   -0.084000000  -14.896347181    0.745918456
    0.000000000  -14.774806513    2.057291680
    0.084000000  -14.565545776    2.767442988
    0.168000000  -14.328797810    2.685196327
    0.252000000  -14.128974149    1.949875105
    0.336000000  -14.004241535    1.009600933
    0.420000000  -13.943276736    0.507385536
    0.504000000  -13.889684957    0.905499386
    0.588000000  -13.764380584    2.162669236
    0.672000000  -13.512545154    3.795727344
    0.756000000  -13.129235816    5.191114080
    0.840000000  -12.655187671    5.926406964
    0.924000000  -12.150427513    5.939504444
    1.008000000  -11.666501536    5.479282738
    1.092000000  -11.228493734    4.899730883
    1.176000000  -10.835279821    4.467424288
    1.260000000  -10.468297690    4.284709225
    1.344000000  -10.107567056    4.295411720
    1.428000000   -9.742467677    4.356681392
    1.512000000   -9.375659583    4.285498999
    1.596000000   -9.024448948    3.977542541
    1.680000000   -8.711905492    3.389562236
    1.764000000   -8.458998063    2.586505796
    1.848000000   -8.276045914    1.739174866
    1.932000000   -8.158508791    1.079820706
    2.016000000   -8.083897761    0.728320212
    2.100000000   -8.026565042    0.625624738
    2.184000000   -7.975772530    0.548301304
    2.268000000   -7.941705305    0.153373742
    2.352000000   -7.960546399   -0.703072301
    2.436000000   -8.069612818   -1.966529475
    2.520000000   -8.291057590   -3.316142697
    2.604000000   -8.618877140   -4.437363040
    2.688000000   -9.022999450   -5.132021374
    2.772000000   -9.467854675   -5.407994328
    2.856000000   -9.923381105   -5.436679100
    2.940000000  -10.379322900   -5.442608024
    3.024000000  -10.841050387   -5.601479517
    3.108000000  -11.325474460   -5.992009289
    3.192000000  -11.850907757   -6.553762864
    3.276000000  -12.426176286   -7.130325756
    3.360000000  -13.043935333   -7.534406249
    3.444000000  -13.683640526   -7.655059703
    3.528000000  -14.322155248   -7.519862438
    3.612000000  -14.943960049   -7.304881570
    3.696000000  -15.551210843   -7.184932014
    3.780000000  -16.154278969   -7.211415517
    3.864000000  -16.763118666   -7.304107447
    3.948000000  -17.377786076   -7.331228460
    4.032000000  -17.990476944   -7.254505060
    4.116000000  -18.591739907   -7.052290101
    4.200000000  -19.169067613   -6.689100086
    4.284000000  -19.704994741   -6.012700617
    4.368000000  -20.165571967   -4.920271602
    4.452000000  -20.516676593   -3.402439717
    4.536000000  -20.730572977   -1.743302665
    4.620000000  -20.811539545   -0.288976543
    4.704000000  -20.790586152    0.645864201
    4.788000000  -20.715085380    1.061494363
    4.872000000  -20.616442715    1.240253026
    4.956000000  -20.495820453    1.638937701
    5.040000000  -20.321863429    2.550877090
    5.124000000  -20.052122727    3.855283838
    5.208000000  -19.671452910    5.116920753
    5.292000000  -19.203180092    5.863616418
    5.376000000  -18.700610991    5.930274580
    5.460000000  -18.213864725    5.562304188
    5.544000000  -17.760736445    5.233932170
    5.628000000  -17.319028375    5.286449655
    5.712000000  -16.852364989    5.825623002
    5.796000000  -16.328382573    6.590781907
    5.880000000  -15.742650214    7.278080334
    5.964000000  -15.110674343    7.642616639
    6.048000000  -14.461263108    7.699460500
    6.132000000  -13.815479941    7.595478204
    6.216000000  -13.178574497    7.510496973
    6.300000000  -12.544492881    7.568480022
    6.384000000  -11.900456626    7.719890159
    6.468000000  -11.243167968    7.850455834
    6.552000000  -10.581008648    7.817219294
    6.636000000   -9.932510227    7.528384720
    6.720000000   -9.319598256    6.961164438
    6.804000000   -8.764304665    6.180060078
    6.888000000   -8.281247368    5.253422610
    6.972000000   -7.878416375    4.301372010
    7.056000000   -7.551048352    3.483840794
    7.140000000   -7.280947863    2.963939028
    7.224000000   -7.038510711    2.819171797
    7.308000000   -6.795265514    2.987626167
    7.392000000   -6.531325425    3.262860784
    7.476000000   -6.245755641    3.466401603
    7.560000000   -5.951995740    3.456197017
    7.644000000   -5.670920903    3.168433821
    7.728000000   -5.425404610    2.597196523
    7.812000000   -5.237149002    1.824248537
    7.896000000   -5.116766735    1.036809899
    7.980000000   -5.052058214    0.579781730
    8.064000000   -4.996387389    0.877480578
    8.148000000   -4.872374103    2.220612538
    8.232000000   -4.594975362    4.471666846
    8.316000000   -4.111412336    6.986884029
    8.400000000   -3.436043203    8.900451606
