#! FIELDS p.x file.free der_p.x
#! SET min_p.x -8.4
#! SET max_p.x 8.4
#! SET nbins_p.x  201
#! SET periodic_p.x false
   -8.400000000   -0.000000000   -0.000000000
   -8.316000000   -0.000000000   -0.000000000
   -8.232000000   -0.000000000   -0.000000000
   -8.148000000   -0.000000000   -0.000000000
   -8.064000000   -0.000000000   -0.000000000
   -7.980000000   -0.000000000   -0.000000000
   -7.896000000   -0.000000000   -0.000000000
   -7.812000000   -0.000000000   -0.000000000
   -7.728000000   -0.000000000   -0.000000000
   -7.644000000   -0.000000000   -0.000000000
   -7.560000000   -0.000000000   -0.000000000
   -7.476000000   -0.000000000   -0.000000000
   -7.392000000   -0.000000000   -0.000000000
   -7.308000000   -0.000000000   -0.000000000
   -7.224000000   -0.000000000   -0.000000000
   -7.140000000   -0.000000000   -0.000000000
   -7.056000000   -0.000000000   -0.000000000
   -6.972000000   -0.000000000   -0.000000000
   -6.888000000   -0.000000000   -0.000000000
   -6.804000000   -0.000000000   -0.000000000
   -6.720000000   -0.000000000   -0.000000000
   -6.636000000   -0.000000000   -0.000000000
   -6.552000000   -0.000000000   -0.000000000
   -6.468000000   -0.000000000   -0.000000000
   -6.384000000   -0.000000000   -0.000000000
   -6.300000000   -0.000000000   -0.000000000
   -6.216000000   -0.000000000   -0.000000000
   -6.132000000   -0.000000000   -0.000000000
   -6.048000000   -0.000096467   -0.001437974
   -5.964000000   -0.000373733   -0.005174990
   -5.880000000   -0.001265365   -0.016235453
   -5.796000000   -0.003762371   -0.044504470
   -5.712000000   -0.009935048   -0.107226261
   -5.628000000   -0.024003981   -0.235866350
   -5.544000000   -0.052661665   -0.465867612
   -5.460000000   -0.106661186   -0.845174532
   -5.376000000   -0.200124455   -1.410098310
   -5.292000000   -0.349450223   -2.170586518
   -5.208000000   -0.569450166   -3.079870773
   -5.124000000   -0.868291791   -4.023403412
   -5.040000000   -1.242287338   -4.836534216
   -4.956000000   -1.672940774   -5.352038250
   -4.872000000   -2.131137997   -5.490420466
   -4.788000000   -2.586765149   -5.312204317
   -4.704000000   -3.020206635   -4.996057171
   -4.620000000   -3.428408709   -4.737842128
   -4.536000000   -3.821268102   -4.637091901
   -4.452000000   -4.211375303   -4.658494846
   -4.368000000   -4.604567925   -4.689151781
   -4.284000000   -4.996951853   -4.626875485
   -4.200000000   -5.378614200   -4.430915119
   -4.116000000   -5.738028803   -4.097994101
   -4.032000000   -6.063223550   -3.611070925
   -3.948000000   -6.339259710   -2.923460405
   -3.864000000   -6.547838896   -2.012337688
   -3.780000000   -6.672312316   -0.942251958
   -3.696000000   -6.706329341    0.099938613
   -3.612000000   -6.661432778    0.913664945
   -3.528000000   -6.563016064    1.355414185
   -3.444000000   -6.442243436    1.455616312
   -3.360000000   -6.322538865    1.364317011
   -3.276000000   -6.212450432    1.257552630
   -3.192000000   -6.107349869    1.255030190
   -3.108000000   -5.995327580    1.415304406
   -3.024000000   -5.862791661    1.748333881
   -2.940000000   -5.695690220    2.230894927
   -2.856000000   -5.482972548    2.814732709
   -2.772000000   -5.219741098    3.413305731
   -2.688000000   -4.910580465    3.899618107
   -2.604000000   -4.569572818    4.152263460
   -2.520000000   -4.218886427    4.138890664
   -2.436000000   -3.878118262    3.931586159
   -2.352000000   -3.557989622    3.672237672
   -2.268000000   -3.258318676    3.462491860
   -2.184000000   -2.974019998    3.294949088
   -2.100000000   -2.704577959    3.073754624
   -2.016000000   -2.460484476    2.682955062
   -1.932000000   -2.259058798    2.064336713
   -1.848000000   -2.117527263    1.274179712
   -1.764000000   -2.044260240    0.461746032
   -1.680000000   -2.034346213   -0.206110805
   -1.596000000   -2.071517673   -0.654585933
   -1.512000000   -2.138156549   -0.911400163
   -1.428000000   -2.222107217   -1.093414554
   -1.344000000   -2.321906772   -1.301653269
   -1.260000000   -2.441871563   -1.572920452
   -1.176000000   -2.585867653   -1.862041269
   -1.092000000   -2.753533757   -2.135682664
   -1.008000000   -2.943235331   -2.377155804
   -0.924000000   -3.152662759   -2.612233076
   -0.840000000   -3.381098841   -2.814956592
   -0.756000000   -3.622138530   -2.896123342
   -0.672000000   -3.859950192   -2.713125573
   -0.588000000   -4.069019032   -2.218116142
   -0.504000000   -4.224621433   -1.467798813
   -0.420000000   -4.313972312   -0.676002016
   -0.336000000   -4.343586579   -0.079483739
   -0.252000000   -4.336817660    0.175575073
   -0.168000000   -4.322573588    0.125807868
   -0.084000000   -4.318726560   -0.047984192
    0.000000000   -4.326374460   -0.108026985
    0.084000000   -4.329287067    0.082890080
    0.168000000   -4.305139579    0.507091715
    0.252000000   -4.240006207    1.039710638
    0.336000000   -4.130730813    1.529889688
    0.420000000   -3.983659831    1.936878296
    0.504000000   -3.804975319    2.307173536
    0.588000000   -3.594572003    2.693505026
    0.672000000   -3.350103417    3.109631147
    0.756000000   -3.071456104    3.510209060
    0.840000000   -2.762723391    3.803592497
    0.924000000   -2.435530092    3.945097836
    1.008000000   -2.103819726    3.905107781
    1.092000000   -1.782860219    3.688849340
    1.176000000   -1.486140996    3.337467064
    1.260000000   -1.222370866    2.934235851
    1.344000000   -0.991736078    2.553571844
    1.428000000   -0.790053605    2.256961203
    1.512000000   -0.610072987    2.012504474
    1.596000000   -0.450325717    1.777719036
    1.680000000   -0.312210428    1.489252754
    1.764000000   -0.200694090    1.151414592
    1.848000000   -0.118408724    0.806790548
    1.932000000   -0.063541001    0.505246587
    2.016000000   -0.030724605    0.279728127
    2.100000000   -0.013464527    0.139077981
    2.184000000   -0.005358490    0.062209259
    2.268000000   -0.001772384    0.022528976
    2.352000000   -0.000468576    0.006496058
    2.436000000   -0.000000000   -0.000000000
    2.520000000   -0.000000000   -0.000000000
    2.604000000   -0.000000000   -0.000000000
    2.688000000   -0.000000000   -0.000000000
    2.772000000   -0.000000000   -0.000000000
    2.856000000   -0.000000000   -0.000000000
    2.940000000   -0.000000000   -0.000000000
    3.024000000   -0.000000000   -0.000000000
    3.108000000   -0.000000000   -0.000000000
    3.192000000   -0.000000000   -0.000000000
    3.276000000   -0.000000000   -0.000000000
    3.360000000   -0.000000000   -0.000000000
    3.444000000   -0.000000000   -0.000000000
    3.528000000   -0.000000000   -0.000000000
    3.612000000   -0.000000000   -0.000000000
    3.696000000   -0.000000000   -0.000000000
    3.780000000   -0.000000000   -0.000000000
    3.864000000   -0.000000000   -0.000000000
    3.948000000   -0.000000000   -0.000000000
    4.032000000   -0.000000000   -0.000000000
    4.116000000   -0.000000000   -0.000000000
    4.200000000   -0.000000000   -0.000000000
    4.284000000   -0.000000000   -0.000000000
    4.368000000   -0.000000000   -0.000000000
    4.452000000   -0.000000000   -0.000000000
    4.536000000   -0.000000000   -0.000000000
    4.620000000   -0.000000000   -0.000000000
    4.704000000   -0.000000000   -0.000000000
    4.788000000   -0.000000000   -0.000000000
    4.872000000   -0.000000000   -0.000000000
    4.956000000   -0.000000000   -0.000000000
    5.040000000   -0.000000000   -0.000000000
    5.124000000   -0.000000000   -0.000000000
    5.208000000   -0.000000000   -0.000000000
    5.292000000   -0.000000000   -0.000000000
    5.376000000   -0.000000000   -0.000000000
    5.460000000   -0.000000000   -0.000000000
    5.544000000   -0.000000000   -0.000000000
    5.628000000   -0.000000000   -0.000000000
    5.712000000   -0.000000000   -0.000000000
    5.796000000   -0.000000000   -0.000000000
    5.880000000   -0.000000000   -0.000000000
    5.964000000   -0.000000000   -0.000000000
    6.048000000   -0.000000000   -0.000000000
    6.132000000   -0.000000000   -0.000000000
    6.216000000   -0.000000000   -0.000000000
    6.300000000   -0.000000000   -0.000000000
    6.384000000   -0.000000000   -0.000000000
    6.468000000   -0.000000000   -0.000000000
    6.552000000   -0.000000000   -0.000000000
    6.636000000   -0.000000000   -0.000000000
    6.720000000   -0.000000000   -0.000000000
    6.804000000   -0.000000000   -0.000000000
    6.888000000   -0.000000000   -0.000000000
    6.972000000   -0.000000000   -0.000000000
    7.056000000   -0.000000000   -0.000000000
    7.140000000   -0.000000000   -0.000000000
    7.224000000   -0.000000000   -0.000000000
    7.308000000   -0.000000000   -0.000000000
    7.392000000   -0.000000000   -0.000000000
    7.476000000   -0.000000000   -0.000000000
    7.560000000   -0.000000000   -0.000000000
    7.644000000   -0.000000000   -0.000000000
    7.728000000   -0.000000000   -0.000000000
    7.812000000   -0.000000000   -0.000000000
    7.896000000   -0.000000000   -0.000000000
    7.980000000   -0.000000000   -0.000000000
    8.064000000   -0.000000000   -0.000000000
    8.148000000   -0.000000000   -0.000000000
    8.232000000   -0.000000000   -0.000000000
    8.316000000   -0.000000000   -0.000000000
    8.400000000   -0.000000000   -0.000000000
