#! FIELDS p.x file.free der_p.x
#! SET min_p.x -8.4
#! SET max_p.x 8.4
#! SET nbins_p.x  201
#! SET periodic_p.x false
   -8.400000000   -0.000000000   -0.000000000
   -8.316000000   -0.000000000   -0.000000000
   -8.232000000   -0.000000000   -0.000000000
   -8.148000000   -0.000000000   -0.000000000
   -8.064000000   -0.000000000   -0.000000000
   -7.980000000   -0.000000000   -0.000000000
   -7.896000000   -0.000000000   -0.000000000
   -7.812000000   -0.000000000   -0.000000000
   -7.728000000   -0.000000000   -0.000000000
   -7.644000000   -0.000000000   -0.000000000
   -7.560000000   -0.000000000   -0.000000000
   -7.476000000   -0.000000000   -0.000000000
   -7.392000000   -0.000000000   -0.000000000
   -7.308000000   -0.000000000   -0.000000000
   -7.224000000   -0.000000000   -0.000000000
   -7.140000000   -0.000000000   -0.000000000
   -7.056000000   -0.000000000   -0.000000000
   -6.972000000   -0.000000000   -0.000000000
   -6.888000000   -0.000000000   -0.000000000
   -6.804000000   -0.000000000   -0.000000000
   -6.720000000   -0.000000000   -0.000000000
   -6.636000000   -0.000000000   -0.000000000
   -6.552000000   -0.000000000   -0.000000000
   -6.468000000   -0.000000000   -0.000000000
   -6.384000000   -0.000000000   -0.000000000
   -6.300000000   -0.000000000   -0.000000000
   -6.216000000   -0.000000000   -0.000000000
   -6.132000000   -0.000000000   -0.000000000
   -6.048000000   -0.000000000   -0.000000000
   -5.964000000   -0.000000000   -0.000000000
   -5.880000000   -0.000000000   -0.000000000
   -5.796000000   -0.000000000   -0.000000000
   -5.712000000   -0.000000000   -0.000000000
   -5.628000000   -0.000232640   -0.003586145
   -5.544000000   -0.000802772   -0.011299009
   -5.460000000   -0.002581417   -0.033168460
   -5.376000000   -0.007236557   -0.083686630
   -5.292000000   -0.018373162   -0.190030713
   -5.208000000   -0.041859116   -0.382551356
   -5.124000000   -0.086140532   -0.687393167
   -5.040000000   -0.161124211   -1.110549099
   -4.956000000   -0.275556847   -1.623353921
   -4.872000000   -0.435264318   -2.181285300
   -4.788000000   -0.642539222   -2.750075945
   -4.704000000   -0.897761890   -3.323509056
   -4.620000000   -1.201699837   -3.910473498
   -4.536000000   -1.555003499   -4.488845457
   -4.452000000   -1.953375994   -4.964038253
   -4.368000000   -2.382450227   -5.197065694
   -4.284000000   -2.817022804   -5.086681818
   -4.200000000   -3.228203988   -4.653917583
   -4.116000000   -3.594274459   -4.041802637
   -4.032000000   -3.907675631   -3.422696229
   -3.948000000   -4.171755374   -2.874030623
   -3.864000000   -4.391645005   -2.354747664
   -3.780000000   -4.565806915   -1.774727393
   -3.696000000   -4.687786794   -1.126978470
   -3.612000000   -4.755643219   -0.503419430
   -3.528000000   -4.777455855   -0.057449977
   -3.444000000   -4.771624796    0.159561216
   -3.360000000   -4.754329386    0.238012504
   -3.276000000   -4.729291122    0.380194981
   -3.192000000   -4.683015239    0.756427677
   -3.108000000   -4.592717435    1.413537808
   -3.024000000   -4.438759477    2.257471594
   -2.940000000   -4.212869360    3.097086943
   -2.856000000   -3.922486446    3.756600576
   -2.772000000   -3.587884974    4.135450997
   -2.688000000   -3.235150036    4.196445925
   -2.604000000   -2.890335464    3.947778272
   -2.520000000   -2.577186524    3.459473164
   -2.436000000   -2.311280002    2.846117981
   -2.352000000   -2.096974232    2.258712175
   -2.268000000   -1.926174392    1.836259936
   -2.184000000   -1.781093570    1.645443717
   -2.100000000   -1.642568999    1.649435914
   -2.016000000   -1.500429375    1.716035740
   -1.932000000   -1.356726308    1.659745944
   -1.848000000   -1.227643611    1.362032204
   -1.764000000   -1.134026241    0.819336251
   -1.680000000   -1.092459609    0.157417034
   -1.596000000   -1.106434888   -0.478126140
   -1.512000000   -1.168421595   -0.969394711
   -1.428000000   -1.263953767   -1.282524012
   -1.344000000   -1.379532685   -1.455368709
   -1.260000000   -1.506658972   -1.569510466
   -1.176000000   -1.643789210   -1.714288146
   -1.092000000   -1.797154656   -1.969274740
   -1.008000000   -1.977848187   -2.353614150
   -0.924000000   -2.194890989   -2.818915245
   -0.840000000   -2.449844000   -3.223187026
   -0.756000000   -2.730109394   -3.398920127
   -0.672000000   -3.010636458   -3.216237671
   -0.588000000   -3.260958079   -2.691828636
   -0.504000000   -3.456276687   -1.943719489
   -0.420000000   -3.586821032   -1.179567165
   -0.336000000   -3.659310549   -0.589631828
   -0.252000000   -3.693834765   -0.282289119
   -0.168000000   -3.714412685   -0.241414485
   -0.084000000   -3.737533441   -0.322271918
    0.000000000   -3.765208087   -0.311057573
    0.084000000   -3.782488450   -0.051506375
    0.168000000   -3.765751206    0.476310038
    0.252000000   -3.697124079    1.160362513
    0.336000000   -3.570663069    1.820027539
    0.420000000   -3.393227800    2.362656904
    0.504000000   -3.175108665    2.816031856
    0.588000000   -2.920285918    3.239433114
    0.672000000   -2.629768320    3.654026892
    0.756000000   -2.307680724    3.984477373
    0.840000000   -1.966063283    4.089391057
    0.924000000   -1.627642580    3.913816305
    1.008000000   -1.314778769    3.488362151
    1.092000000   -1.043757953    2.938375007
    1.176000000   -0.819461704    2.390024439
    1.260000000   -0.638377249    1.932360381
    1.344000000   -0.491259855    1.572678945
    1.428000000   -0.370846606    1.304478892
    1.512000000   -0.270379156    1.073442139
    1.596000000   -0.188575991    0.869568188
    1.680000000   -0.123709807    0.666919725
    1.764000000   -0.075504065    0.475276483
    1.848000000   -0.042528690    0.311108106
    1.932000000   -0.021962043    0.185121388
    2.016000000   -0.010166827    0.096711874
    2.100000000   -0.004240604    0.045174928
    2.184000000   -0.001642054    0.019602908
    2.268000000   -0.000514266    0.006678447
    2.352000000   -0.000163275    0.002339793
    2.436000000   -0.000000000   -0.000000000
    2.520000000   -0.000000000   -0.000000000
    2.604000000   -0.000000000   -0.000000000
    2.688000000   -0.000000000   -0.000000000
    2.772000000   -0.000000000   -0.000000000
    2.856000000   -0.000000000   -0.000000000
    2.940000000   -0.000000000   -0.000000000
    3.024000000   -0.000000000   -0.000000000
    3.108000000   -0.000000000   -0.000000000
    3.192000000   -0.000000000   -0.000000000
    3.276000000   -0.000000000   -0.000000000
    3.360000000   -0.000000000   -0.000000000
    3.444000000   -0.000000000   -0.000000000
    3.528000000   -0.000000000   -0.000000000
    3.612000000   -0.000000000   -0.000000000
    3.696000000   -0.000000000   -0.000000000
    3.780000000   -0.000000000   -0.000000000
    3.864000000   -0.000000000   -0.000000000
    3.948000000   -0.000000000   -0.000000000
    4.032000000   -0.000000000   -0.000000000
    4.116000000   -0.000000000   -0.000000000
    4.200000000   -0.000000000   -0.000000000
    4.284000000   -0.000000000   -0.000000000
    4.368000000   -0.000000000   -0.000000000
    4.452000000   -0.000000000   -0.000000000
    4.536000000   -0.000000000   -0.000000000
    4.620000000   -0.000000000   -0.000000000
    4.704000000   -0.000000000   -0.000000000
    4.788000000   -0.000000000   -0.000000000
    4.872000000   -0.000000000   -0.000000000
    4.956000000   -0.000000000   -0.000000000
    5.040000000   -0.000000000   -0.000000000
    5.124000000   -0.000000000   -0.000000000
    5.208000000   -0.000000000   -0.000000000
    5.292000000   -0.000000000   -0.000000000
    5.376000000   -0.000000000   -0.000000000
    5.460000000   -0.000000000   -0.000000000
    5.544000000   -0.000000000   -0.000000000
    5.628000000   -0.000000000   -0.000000000
    5.712000000   -0.000000000   -0.000000000
    5.796000000   -0.000000000   -0.000000000
    5.880000000   -0.000000000   -0.000000000
    5.964000000   -0.000000000   -0.000000000
    6.048000000   -0.000000000   -0.000000000
    6.132000000   -0.000000000   -0.000000000
    6.216000000   -0.000000000   -0.000000000
    6.300000000   -0.000000000   -0.000000000
    6.384000000   -0.000000000   -0.000000000
    6.468000000   -0.000000000   -0.000000000
    6.552000000   -0.000000000   -0.000000000
    6.636000000   -0.000000000   -0.000000000
    6.720000000   -0.000000000   -0.000000000
    6.804000000   -0.000000000   -0.000000000
    6.888000000   -0.000000000   -0.000000000
    6.972000000   -0.000000000   -0.000000000
    7.056000000   -0.000000000   -0.000000000
    7.140000000   -0.000000000   -0.000000000
    7.224000000   -0.000000000   -0.000000000
    7.308000000   -0.000000000   -0.000000000
    7.392000000   -0.000000000   -0.000000000
    7.476000000   -0.000000000   -0.000000000
    7.560000000   -0.000000000   -0.000000000
    7.644000000   -0.000000000   -0.000000000
    7.728000000   -0.000000000   -0.000000000
    7.812000000   -0.000000000   -0.000000000
    7.896000000   -0.000000000   -0.000000000
    7.980000000   -0.000000000   -0.000000000
    8.064000000   -0.000000000   -0.000000000
    8.148000000   -0.000000000   -0.000000000
    8.232000000   -0.000000000   -0.000000000
    8.316000000   -0.000000000   -0.000000000
    8.400000000   -0.000000000   -0.000000000
