#! FIELDS p.x file.free der_p.x
#! SET min_p.x -8.4
#! SET max_p.x 8.4
#! SET nbins_p.x  201
#! SET periodic_p.x false
   -8.400000000   -0.000000000   -0.000000000
   -8.316000000   -0.000000000   -0.000000000
   -8.232000000   -0.000000000   -0.000000000
   -8.148000000   -0.000000000   -0.000000000
   -8.064000000   -0.000000000   -0.000000000
   -7.980000000   -0.000000000   -0.000000000
   -7.896000000   -0.000000000   -0.000000000
   -7.812000000   -0.000000000   -0.000000000
   -7.728000000   -0.000000000   -0.000000000
   -7.644000000   -0.000000000   -0.000000000
   -7.560000000   -0.000000000   -0.000000000
   -7.476000000   -0.000000000   -0.000000000
   -7.392000000   -0.000000000   -0.000000000
   -7.308000000   -0.000000000   -0.000000000
   -7.224000000   -0.000000000   -0.000000000
   -7.140000000   -0.000000000   -0.000000000
   -7.056000000   -0.000000000   -0.000000000
   -6.972000000   -0.000000000   -0.000000000
   -6.888000000   -0.000000000   -0.000000000
   -6.804000000   -0.000000000   -0.000000000
   -6.720000000   -0.000000000   -0.000000000
   -6.636000000   -0.000000000   -0.000000000
   -6.552000000   -0.000000000   -0.000000000
   -6.468000000   -0.000000000   -0.000000000
   -6.384000000   -0.000000000   -0.000000000
   -6.300000000   -0.000000000   -0.000000000
   -6.216000000   -0.000000000   -0.000000000
   -6.132000000   -0.000000000   -0.000000000
   -6.048000000   -0.000000000   -0.000000000
   -5.964000000   -0.000000000   -0.000000000
   -5.880000000   -0.000000000   -0.000000000
   -5.796000000   -0.000000000   -0.000000000
   -5.712000000   -0.000000000   -0.000000000
   -5.628000000   -0.000184056   -0.002827008
   -5.544000000   -0.000632164   -0.008862517
   -5.460000000   -0.001940085   -0.024598719
   -5.376000000   -0.005367947   -0.061073606
   -5.292000000   -0.013392814   -0.135638812
   -5.208000000   -0.030014254   -0.267534312
   -5.124000000   -0.060595938   -0.469276110
   -5.040000000   -0.111283875   -0.742735746
   -4.956000000   -0.187191548   -1.070879212
   -4.872000000   -0.292630108   -1.446226385
   -4.788000000   -0.432167402   -1.888071454
   -4.704000000   -0.613356743   -2.444825386
   -4.620000000   -0.847402635   -3.147620323
   -4.536000000   -1.145318418   -3.946476699
   -4.452000000   -1.508734041   -4.671458771
   -4.368000000   -1.921737681   -5.088728920
   -4.284000000   -2.350272137   -5.025017039
   -4.200000000   -2.752798887   -4.486516246
   -4.116000000   -3.096464385   -3.666929443
   -4.032000000   -3.369072731   -2.836608162
   -3.948000000   -3.578319421   -2.180374674
   -3.864000000   -3.741411884   -1.728370628
   -3.780000000   -3.872169304   -1.393192132
   -3.696000000   -3.976442451   -1.091600992
   -3.612000000   -4.055519284   -0.789725386
   -3.528000000   -4.109939424   -0.508533208
   -3.444000000   -4.141468854   -0.242807920
   -3.360000000   -4.149565383    0.056004981
   -3.276000000   -4.129081504    0.443184211
   -3.192000000   -4.071849154    0.919728318
   -3.108000000   -3.972275755    1.427745492
   -3.024000000   -3.831603574    1.901983090
   -2.940000000   -3.654587401    2.289855948
   -2.856000000   -3.448272330    2.595247727
   -2.772000000   -3.218896500    2.836222378
   -2.688000000   -2.972728030    2.996015295
   -2.604000000   -2.718409604    3.018636452
   -2.520000000   -2.469293268    2.870255929
   -2.436000000   -2.239024254    2.578770371
   -2.352000000   -2.035947515    2.244567873
   -2.268000000   -1.858882460    1.983558838
   -2.184000000   -1.697944606    1.861965186
   -2.100000000   -1.541301500    1.857688791
   -2.016000000   -1.383907191    1.873207868
   -1.932000000   -1.229520208    1.763389075
   -1.848000000   -1.092891632    1.445516002
   -1.764000000   -0.991575156    0.925326337
   -1.680000000   -0.939215101    0.310092223
   -1.596000000   -0.938455339   -0.282814338
   -1.512000000   -0.983100310   -0.757309269
   -1.428000000   -1.061378273   -1.090422779
   -1.344000000   -1.163106270   -1.324880823
   -1.260000000   -1.283368603   -1.543432614
   -1.176000000   -1.423961369   -1.827024553
   -1.092000000   -1.593096384   -2.230812386
   -1.008000000   -1.801254735   -2.736895207
   -0.924000000   -2.053661379   -3.265838445
   -0.840000000   -2.346291955   -3.661734133
   -0.756000000   -2.660891681   -3.770231410
   -0.672000000   -2.968639594   -3.490850921
   -0.588000000   -3.237982348   -2.869290697
   -0.504000000   -3.444879968   -2.045973616
   -0.420000000   -3.581734329   -1.231641949
   -0.336000000   -3.657270398   -0.613128982
   -0.252000000   -3.693145509   -0.290987795
   -0.168000000   -3.714187020   -0.244565762
   -0.084000000   -3.737533441   -0.322271918
    0.000000000   -3.765208087   -0.311057573
    0.084000000   -3.782488450   -0.051506375
    0.168000000   -3.765751206    0.476310038
    0.252000000   -3.697124079    1.160362513
    0.336000000   -3.570663069    1.820027539
    0.420000000   -3.393227800    2.362656904
    0.504000000   -3.175108665    2.816031856
    0.588000000   -2.920285918    3.239433114
    0.672000000   -2.629768320    3.654026892
    0.756000000   -2.307680724    3.984477373
    0.840000000   -1.966063283    4.089391057
    0.924000000   -1.627642580    3.913816305
    1.008000000   -1.314778769    3.488362151
    1.092000000   -1.043757953    2.938375007
    1.176000000   -0.819461704    2.390024439
    1.260000000   -0.638377249    1.932360381
    1.344000000   -0.491259855    1.572678945
    1.428000000   -0.370846606    1.304478892
    1.512000000   -0.270379156    1.073442139
    1.596000000   -0.188575991    0.869568188
    1.680000000   -0.123709807    0.666919725
    1.764000000   -0.075504065    0.475276483
    1.848000000   -0.042528690    0.311108106
    1.932000000   -0.021962043    0.185121388
    2.016000000   -0.010166827    0.096711874
    2.100000000   -0.004240604    0.045174928
    2.184000000   -0.001642054    0.019602908
    2.268000000   -0.000514266    0.006678447
    2.352000000   -0.000163275    0.002339793
    2.436000000   -0.000000000   -0.000000000
    2.520000000   -0.000000000   -0.000000000
    2.604000000   -0.000000000   -0.000000000
    2.688000000   -0.000000000   -0.000000000
    2.772000000   -0.000000000   -0.000000000
    2.856000000   -0.000000000   -0.000000000
    2.940000000   -0.000000000   -0.000000000
    3.024000000   -0.000000000   -0.000000000
    3.108000000   -0.000000000   -0.000000000
    3.192000000   -0.000000000   -0.000000000
    3.276000000   -0.000000000   -0.000000000
    3.360000000   -0.000000000   -0.000000000
    3.444000000   -0.000000000   -0.000000000
    3.528000000   -0.000000000   -0.000000000
    3.612000000   -0.000000000   -0.000000000
    3.696000000   -0.000000000   -0.000000000
    3.780000000   -0.000000000   -0.000000000
    3.864000000   -0.000000000   -0.000000000
    3.948000000   -0.000000000   -0.000000000
    4.032000000   -0.000000000   -0.000000000
    4.116000000   -0.000000000   -0.000000000
    4.200000000   -0.000000000   -0.000000000
    4.284000000   -0.000000000   -0.000000000
    4.368000000   -0.000000000   -0.000000000
    4.452000000   -0.000000000   -0.000000000
    4.536000000   -0.000000000   -0.000000000
    4.620000000   -0.000000000   -0.000000000
    4.704000000   -0.000000000   -0.000000000
    4.788000000   -0.000000000   -0.000000000
    4.872000000   -0.000000000   -0.000000000
    4.956000000   -0.000000000   -0.000000000
    5.040000000   -0.000000000   -0.000000000
    5.124000000   -0.000000000   -0.000000000
    5.208000000   -0.000000000   -0.000000000
    5.292000000   -0.000000000   -0.000000000
    5.376000000   -0.000000000   -0.000000000
    5.460000000   -0.000000000   -0.000000000
    5.544000000   -0.000000000   -0.000000000
    5.628000000   -0.000000000   -0.000000000
    5.712000000   -0.000000000   -0.000000000
    5.796000000   -0.000000000   -0.000000000
    5.880000000   -0.000000000   -0.000000000
    5.964000000   -0.000000000   -0.000000000
    6.048000000   -0.000000000   -0.000000000
    6.132000000   -0.000000000   -0.000000000
    6.216000000   -0.000000000   -0.000000000
    6.300000000   -0.000000000   -0.000000000
    6.384000000   -0.000000000   -0.000000000
    6.468000000   -0.000000000   -0.000000000
    6.552000000   -0.000000000   -0.000000000
    6.636000000   -0.000000000   -0.000000000
    6.720000000   -0.000000000   -0.000000000
    6.804000000   -0.000000000   -0.000000000
    6.888000000   -0.000000000   -0.000000000
    6.972000000   -0.000000000   -0.000000000
    7.056000000   -0.000000000   -0.000000000
    7.140000000   -0.000000000   -0.000000000
    7.224000000   -0.000000000   -0.000000000
    7.308000000   -0.000000000   -0.000000000
    7.392000000   -0.000000000   -0.000000000
    7.476000000   -0.000000000   -0.000000000
    7.560000000   -0.000000000   -0.000000000
    7.644000000   -0.000000000   -0.000000000
    7.728000000   -0.000000000   -0.000000000
    7.812000000   -0.000000000   -0.000000000
    7.896000000   -0.000000000   -0.000000000
    7.980000000   -0.000000000   -0.000000000
    8.064000000   -0.000000000   -0.000000000
    8.148000000   -0.000000000   -0.000000000
    8.232000000   -0.000000000   -0.000000000
    8.316000000   -0.000000000   -0.000000000
    8.400000000   -0.000000000   -0.000000000
