#! FIELDS p.x file.free der_p.x
#! SET min_p.x -8.4
#! SET max_p.x 8.4
#! SET nbins_p.x  201
#! SET periodic_p.x false
   -8.400000000   -1.122909410   -2.192100704
   -8.316000000   -1.269371428   -1.251892525
   -8.232000000   -1.330908472   -0.225669458
   -8.148000000   -1.314188416    0.563989215
   -8.064000000   -1.248789972    0.916114080
   -7.980000000   -1.172988895    0.825283748
   -7.896000000   -1.118437580    0.442623953
   -7.812000000   -1.101263729   -0.030546052
   -7.728000000   -1.121685549   -0.435664049
   -7.644000000   -1.170676340   -0.707026695
   -7.560000000   -1.236946323   -0.849156659
   -7.476000000   -1.310577727   -0.884184352
   -7.392000000   -1.382593516   -0.825051106
   -7.308000000   -1.445544496   -0.664238384
   -7.224000000   -1.492203747   -0.444630020
   -7.140000000   -1.520518312   -0.249273939
   -7.056000000   -1.537646403   -0.183707325
   -6.972000000   -1.557330708   -0.327280163
   -6.888000000   -1.599001072   -0.692181616
   -6.804000000   -1.678337864   -1.216848935
   -6.720000000   -1.804292091   -1.777636911
   -6.636000000   -1.974156943   -2.244558053
   -6.552000000   -2.175633429   -2.515643357
   -6.468000000   -2.391534069   -2.592072016
   -6.384000000   -2.608088491   -2.554365237
   -6.300000000   -2.820857940   -2.516881267
   -6.216000000   -3.033356666   -2.565192902
   -6.132000000   -3.254640504   -2.718828639
   -6.048000000   -3.493334187   -2.971275756
   -5.964000000   -3.756642295   -3.304753724
   -5.880000000   -4.051564746   -3.731751167
   -5.796000000   -4.385523066   -4.226961643
   -5.712000000   -4.762451898   -4.737850845
   -5.628000000   -5.179881405   -5.169612314
   -5.544000000   -5.627223652   -5.454408410
   -5.460000000   -6.093070692   -5.612158516
   -5.376000000   -6.568249946   -5.697761968
   -5.292000000   -7.050179925   -5.773723524
   -5.208000000   -7.537762669   -5.823367607
   -5.124000000   -8.028148836   -5.855183085
   -5.040000000   -8.522714431   -5.929158917
   -4.956000000   -9.029157422   -6.169972233
   -4.872000000   -9.564551868   -6.603951462
   -4.788000000  -10.139534598   -7.072279434
   -4.704000000  -10.745026106   -7.277043784
   -4.620000000  -11.348606755   -7.003053676
   -4.536000000  -11.908723251   -6.284227461
   -4.452000000  -12.397779260   -5.365070266
   -4.368000000  -12.812327618   -4.559663963
   -4.284000000  -13.169906411   -4.003715659
   -4.200000000  -13.491571961   -3.687163650
   -4.116000000  -13.792697315   -3.512048941
   -4.032000000  -14.080480671   -3.354584592
   -3.948000000  -14.353364341   -3.156779184
   -3.864000000  -14.606011581   -2.842411807
   -3.780000000  -14.826066161   -2.380019430
   -3.696000000  -15.000460115   -1.789436950
   -3.612000000  -15.122216796   -1.119182858
   -3.528000000  -15.187338833   -0.495479696
   -3.444000000  -15.203035123    0.088539728
   -3.360000000  -15.171535726    0.627841173
   -3.276000000  -15.094929014    1.165861175
   -3.192000000  -14.974523284    1.655946709
   -3.108000000  -14.815862831    2.045055403
   -3.024000000  -14.629026661    2.360762824
   -2.940000000  -14.416147382    2.681890376
   -2.856000000  -14.171218874    3.129653787
   -2.772000000  -13.883556965    3.674179195
   -2.688000000  -13.553716663    4.093059201
   -2.604000000  -13.203299400    4.121845261
   -2.520000000  -12.872597250    3.644714865
   -2.436000000  -12.598721295    2.790278219
   -2.352000000  -12.401068939    1.883417924
   -2.268000000  -12.272923563    1.189098372
   -2.184000000  -12.191605139    0.739313668
   -2.100000000  -12.140315577    0.456580258
   -2.016000000  -12.110750202    0.211028744
   -1.932000000  -12.100742623    0.006054071
   -1.848000000  -12.102593317   -0.054316595
   -1.764000000  -12.100687571    0.090952850
   -1.680000000  -12.080771557    0.342760090
   -1.596000000  -12.044455770    0.444500871
   -1.512000000  -12.014541868    0.184687331
   -1.428000000  -12.020471545   -0.390993056
   -1.344000000  -12.078758525   -0.999579676
   -1.260000000  -12.178419140   -1.356836497
   -1.176000000  -12.292969481   -1.346798315
   -1.092000000  -12.397569262   -1.163572400
   -1.008000000  -12.487777845   -1.044427104
   -0.924000000  -12.575167620   -1.083451905
   -0.840000000  -12.670928239   -1.211437621
   -0.756000000  -12.775882526   -1.323034140
   -0.672000000  -12.888190686   -1.368035728
   -0.588000000  -13.005055474   -1.461270913
   -0.504000000  -13.132820132   -1.616243715
   -0.420000000  -13.274121512   -1.754233305
   -0.336000000  -13.420309247   -1.701055269
   -0.252000000  -13.548495531   -1.338498278
   -0.168000000  -13.632200054   -0.656637574
   -0.084000000  -13.649442572    0.242303034
    0.000000000  -13.587921876    1.192973100
    0.084000000  -13.451133107    1.991332800
    0.168000000  -13.259019181    2.470595239
    0.252000000  -13.042830557    2.575661033
    0.336000000  -12.831013621    2.415337220
    0.420000000  -12.632070727    2.300776854
    0.504000000  -12.430464725    2.553314567
    0.588000000  -12.188604039    3.241603514
    0.672000000  -11.875592130    4.182382208
    0.756000000  -11.484246887    5.044284775
    0.840000000  -11.035117861    5.534941875
    0.924000000  -10.565424827    5.525393098
    1.008000000  -10.114808322    5.099997436
    1.092000000   -9.709826605    4.474671981
    1.176000000   -9.357839060    3.897508275
    1.260000000   -9.045875952    3.551235646
    1.344000000   -8.750572320    3.492020143
    1.428000000   -8.450529447    3.638690848
    1.512000000   -8.135808859    3.787234419
    1.596000000   -7.815205033    3.756935451
    1.680000000   -7.510098782    3.424139729
    1.764000000   -7.245713675    2.821224418
    1.848000000   -7.036682130    2.120112675
    1.932000000   -6.882127597    1.586742336
    2.016000000   -6.759434483    1.374718713
    2.100000000   -6.640664351    1.457222863
    2.184000000   -6.510490560    1.612443749
    2.268000000   -6.376839329    1.462612612
    2.352000000   -6.277852038    0.774131734
    2.436000000   -6.261671674   -0.494246231
    2.520000000   -6.366949093   -2.054057358
    2.604000000   -6.602497543   -3.508121668
    2.688000000   -6.942828233   -4.524299031
    2.772000000   -7.346220471   -5.005540639
    2.856000000   -7.772509231   -5.128322469
    2.940000000   -8.205143447   -5.197962986
    3.024000000   -8.650606709   -5.461948343
    3.108000000   -9.128871440   -5.974162520
    3.192000000   -9.655848732   -6.590686079
    3.276000000  -10.231953882   -7.089968296
    3.360000000  -10.839513956   -7.327966024
    3.444000000  -11.455930322   -7.319461561
    3.528000000  -12.065924179   -7.191487285
    3.612000000  -12.666098102   -7.130042785
    3.696000000  -13.266672535   -7.198373625
    3.780000000  -13.875944899   -7.308735823
    3.864000000  -14.490391550   -7.307484729
    3.948000000  -15.095401660   -7.067826587
    4.032000000  -15.671576498   -6.625400326
    4.116000000  -16.204577630   -6.057245766
    4.200000000  -16.685746535   -5.418727273
    4.284000000  -17.109452754   -4.644600408
    4.368000000  -17.460268467   -3.712069608
    4.452000000  -17.726816209   -2.640927267
    4.536000000  -17.903254205   -1.626511053
    4.620000000  -18.003596946   -0.846630984
    4.704000000  -18.052655349   -0.414621495
    4.788000000  -18.077579962   -0.221062043
    4.872000000  -18.086038917    0.011455799
    4.956000000  -18.060906841    0.621181416
    5.040000000  -17.962336892    1.777799643
    5.124000000  -17.747219729    3.338600338
    5.208000000  -17.396641498    4.932546447
    5.292000000  -16.924896992    6.163634624
    5.376000000  -16.372629049    6.826240377
    5.460000000  -15.786570249    7.016178422
    5.544000000  -15.196257439    6.996315364
    5.628000000  -14.605959667    7.018485832
    5.712000000  -14.004665365    7.278519813
    5.796000000  -13.371513614    7.765408664
    5.880000000  -12.693099216    8.347311570
    5.964000000  -11.969871904    8.761217592
    6.048000000  -11.226076534    8.806748014
    6.132000000  -10.497790869    8.399363127
    6.216000000   -9.818513819    7.670792635
    6.300000000   -9.204858988    6.920551379
    6.384000000   -8.645620048    6.396336754
    6.468000000   -8.115471875    6.223972852
    6.552000000   -7.586692183    6.351283082
    6.636000000   -7.039925138    6.647854046
    6.720000000   -6.466576213    6.947824350
    6.804000000   -5.872385924    7.125528111
    6.888000000   -5.273422315    7.026268349
    6.972000000   -4.698719716    6.548100132
    7.056000000   -4.180879445    5.686784714
    7.140000000   -3.746625756    4.604648503
    7.224000000   -3.403908054    3.557258807
    7.308000000   -3.139440076    2.771763218
    7.392000000   -2.925417083    2.348192471
    7.476000000   -2.732753208    2.253532999
    7.560000000   -2.539617654    2.342650725
    7.644000000   -2.337012094    2.461082084
    7.728000000   -2.126568695    2.508790198
    7.812000000   -1.915576609    2.475348903
    7.896000000   -1.709879240    2.401258794
    7.980000000   -1.510668620    2.338750039
    8.064000000   -1.314986768    2.321021764
    8.148000000   -1.118717577    2.343993527
    8.232000000   -0.920191617    2.361014550
    8.316000000   -0.723004806    2.303730857
    8.400000000   -0.536081402    2.115930707
