#! FIELDS p.x file.free der_p.x
#! SET min_p.x -8.4
#! SET max_p.x 8.4
#! SET nbins_p.x  201
#! SET periodic_p.x false
   -8.400000000   -0.000000000   -0.000000000
   -8.316000000   -0.000000000   -0.000000000
   -8.232000000   -0.000000000   -0.000000000
   -8.148000000   -0.000000000   -0.000000000
   -8.064000000   -0.000000000   -0.000000000
   -7.980000000   -0.000000000   -0.000000000
   -7.896000000   -0.000000000   -0.000000000
   -7.812000000   -0.000000000   -0.000000000
   -7.728000000   -0.000000000   -0.000000000
   -7.644000000   -0.000000000   -0.000000000
   -7.560000000   -0.000000000   -0.000000000
   -7.476000000   -0.000000000   -0.000000000
   -7.392000000   -0.000000000   -0.000000000
   -7.308000000   -0.000000000   -0.000000000
   -7.224000000   -0.000000000   -0.000000000
   -7.140000000   -0.000000000   -0.000000000
   -7.056000000   -0.000000000   -0.000000000
   -6.972000000   -0.000000000   -0.000000000
   -6.888000000   -0.000000000   -0.000000000
   -6.804000000   -0.000000000   -0.000000000
   -6.720000000   -0.000000000   -0.000000000
   -6.636000000   -0.000000000   -0.000000000
   -6.552000000   -0.000000000   -0.000000000
   -6.468000000   -0.000000000   -0.000000000
   -6.384000000   -0.000000000   -0.000000000
   -6.300000000   -0.000000000   -0.000000000
   -6.216000000   -0.000000000   -0.000000000
   -6.132000000   -0.000000000   -0.000000000
   -6.048000000   -0.000000000   -0.000000000
   -5.964000000   -0.000000000   -0.000000000
   -5.880000000   -0.000000000   -0.000000000
   -5.796000000   -0.000000000   -0.000000000
   -5.712000000   -0.000000000   -0.000000000
   -5.628000000   -0.000000000   -0.000000000
   -5.544000000   -0.000000000   -0.000000000
   -5.460000000   -0.000000000   -0.000000000
   -5.376000000   -0.000000000   -0.000000000
   -5.292000000   -0.000064666   -0.000991313
   -5.208000000   -0.000352456   -0.005103450
   -5.124000000   -0.001347293   -0.018192122
   -5.040000000   -0.004485300   -0.056511199
   -4.956000000   -0.012458269   -0.142914649
   -4.872000000   -0.031210269   -0.322672126
   -4.788000000   -0.071072202   -0.655608887
   -4.704000000   -0.147388127   -1.198012687
   -4.620000000   -0.279063282   -1.969075906
   -4.536000000   -0.483061210   -2.900927431
   -4.452000000   -0.766309391   -3.818485016
   -4.368000000   -1.117286583   -4.469034655
   -4.284000000   -1.503262285   -4.621377883
   -4.200000000   -1.877471260   -4.192497142
   -4.116000000   -2.195218907   -3.318648617
   -4.032000000   -2.431458177   -2.309061734
   -3.948000000   -2.588554112   -1.482023356
   -3.864000000   -2.690851745   -1.013295210
   -3.780000000   -2.768092273   -0.865729445
   -3.696000000   -2.840442127   -0.862822834
   -3.612000000   -2.911718307   -0.810618895
   -3.528000000   -2.971705817   -0.582458403
   -3.444000000   -3.003752982   -0.146807300
   -3.360000000   -2.991598485    0.456243453
   -3.276000000   -2.924402203    1.146450464
   -3.192000000   -2.798718517    1.832563618
   -3.108000000   -2.617937297    2.430360160
   -3.024000000   -2.392403779    2.906182424
   -2.940000000   -2.133503694    3.226368361
   -2.856000000   -1.854211030    3.388346552
   -2.772000000   -1.567691808    3.400152152
   -2.688000000   -1.286321250    3.263331213
   -2.604000000   -1.022614462    2.980795955
   -2.520000000   -0.788617112    2.555408758
   -2.436000000   -0.595496091    2.017248840
   -2.352000000   -0.450156351    1.428057692
   -2.268000000   -0.353160998    0.891298023
   -2.184000000   -0.295782372    0.500731446
   -2.100000000   -0.262680989    0.304112752
   -2.016000000   -0.238837509    0.283246519
   -1.932000000   -0.212764667    0.329758551
   -1.848000000   -0.183964237    0.335237526
   -1.764000000   -0.159532525    0.221450639
   -1.680000000   -0.150407174   -0.023629016
   -1.596000000   -0.165542761   -0.343615890
   -1.512000000   -0.207997465   -0.658890553
   -1.428000000   -0.274194010   -0.900407348
   -1.344000000   -0.356915345   -1.052491706
   -1.260000000   -0.449950402   -1.156900801
   -1.176000000   -0.552428778   -1.295642031
   -1.092000000   -0.671202773   -1.556810140
   -1.008000000   -0.818186163   -1.965599403
   -0.924000000   -1.004242033   -2.468571958
   -0.840000000   -1.232024252   -2.933669535
   -0.756000000   -1.491801563   -3.203238248
   -0.672000000   -1.761289860   -3.153158708
   -0.588000000   -2.011954906   -2.756081220
   -0.504000000   -2.216651684   -2.083301111
   -0.420000000   -2.358911628   -1.297774874
   -0.336000000   -2.436849690   -0.584425127
   -0.252000000   -2.463067626   -0.082150426
   -0.168000000   -2.457802112    0.169817893
   -0.084000000   -2.439438214    0.246845823
    0.000000000   -2.416744929    0.302752090
    0.084000000   -2.385149359    0.475882568
    0.168000000   -2.331402921    0.830005573
    0.252000000   -2.241159260    1.328419636
    0.336000000   -2.106317447    1.877381116
    0.420000000   -1.926618275    2.371226784
    0.504000000   -1.710049821    2.757555120
    0.588000000   -1.467114951    2.991433857
    0.672000000   -1.211526105    3.053594258
    0.756000000   -0.958575166    2.936421056
    0.840000000   -0.722738732    2.641979795
    0.924000000   -0.517475793    2.225691607
    1.008000000   -0.350050747    1.745360139
    1.092000000   -0.222978275    1.276243445
    1.176000000   -0.132995628    0.866410422
    1.260000000   -0.074123238    0.548293472
    1.344000000   -0.038030425    0.315936502
    1.428000000   -0.018121677    0.169461275
    1.512000000   -0.007656505    0.078855028
    1.596000000   -0.002981297    0.033913626
    1.680000000   -0.001057706    0.013260502
    1.764000000   -0.000311937    0.004238718
    1.848000000   -0.000000000   -0.000000000
    1.932000000   -0.000000000   -0.000000000
    2.016000000   -0.000000000   -0.000000000
    2.100000000   -0.000000000   -0.000000000
    2.184000000   -0.000000000   -0.000000000
    2.268000000   -0.000000000   -0.000000000
    2.352000000   -0.000000000   -0.000000000
    2.436000000   -0.000000000   -0.000000000
    2.520000000   -0.000000000   -0.000000000
    2.604000000   -0.000000000   -0.000000000
    2.688000000   -0.000000000   -0.000000000
    2.772000000   -0.000000000   -0.000000000
    2.856000000   -0.000000000   -0.000000000
    2.940000000   -0.000000000   -0.000000000
    3.024000000   -0.000000000   -0.000000000
    3.108000000   -0.000000000   -0.000000000
    3.192000000   -0.000000000   -0.000000000
    3.276000000   -0.000000000   -0.000000000
    3.360000000   -0.000000000   -0.000000000
    3.444000000   -0.000000000   -0.000000000
    3.528000000   -0.000000000   -0.000000000
    3.612000000   -0.000000000   -0.000000000
    3.696000000   -0.000000000   -0.000000000
    3.780000000   -0.000000000   -0.000000000
    3.864000000   -0.000000000   -0.000000000
    3.948000000   -0.000000000   -0.000000000
    4.032000000   -0.000000000   -0.000000000
    4.116000000   -0.000000000   -0.000000000
    4.200000000   -0.000000000   -0.000000000
    4.284000000   -0.000000000   -0.000000000
    4.368000000   -0.000000000   -0.000000000
    4.452000000   -0.000000000   -0.000000000
    4.536000000   -0.000000000   -0.000000000
    4.620000000   -0.000000000   -0.000000000
    4.704000000   -0.000000000   -0.000000000
    4.788000000   -0.000000000   -0.000000000
    4.872000000   -0.000000000   -0.000000000
    4.956000000   -0.000000000   -0.000000000
    5.040000000   -0.000000000   -0.000000000
    5.124000000   -0.000000000   -0.000000000
    5.208000000   -0.000000000   -0.000000000
    5.292000000   -0.000000000   -0.000000000
    5.376000000   -0.000000000   -0.000000000
    5.460000000   -0.000000000   -0.000000000
    5.544000000   -0.000000000   -0.000000000
    5.628000000   -0.000000000   -0.000000000
    5.712000000   -0.000000000   -0.000000000
    5.796000000   -0.000000000   -0.000000000
    5.880000000   -0.000000000   -0.000000000
    5.964000000   -0.000000000   -0.000000000
    6.048000000   -0.000000000   -0.000000000
    6.132000000   -0.000000000   -0.000000000
    6.216000000   -0.000000000   -0.000000000
    6.300000000   -0.000000000   -0.000000000
    6.384000000   -0.000000000   -0.000000000
    6.468000000   -0.000000000   -0.000000000
    6.552000000   -0.000000000   -0.000000000
    6.636000000   -0.000000000   -0.000000000
    6.720000000   -0.000000000   -0.000000000
    6.804000000   -0.000000000   -0.000000000
    6.888000000   -0.000000000   -0.000000000
    6.972000000   -0.000000000   -0.000000000
    7.056000000   -0.000000000   -0.000000000
    7.140000000   -0.000000000   -0.000000000
    7.224000000   -0.000000000   -0.000000000
    7.308000000   -0.000000000   -0.000000000
    7.392000000   -0.000000000   -0.000000000
    7.476000000   -0.000000000   -0.000000000
    7.560000000   -0.000000000   -0.000000000
    7.644000000   -0.000000000   -0.000000000
    7.728000000   -0.000000000   -0.000000000
    7.812000000   -0.000000000   -0.000000000
    7.896000000   -0.000000000   -0.000000000
    7.980000000   -0.000000000   -0.000000000
    8.064000000   -0.000000000   -0.000000000
    8.148000000   -0.000000000   -0.000000000
    8.232000000   -0.000000000   -0.000000000
    8.316000000   -0.000000000   -0.000000000
    8.400000000   -0.000000000   -0.000000000
