#! FIELDS p.x file.free der_p.x
#! SET min_p.x -8.4
#! SET max_p.x 8.4
#! SET nbins_p.x  201
#! SET periodic_p.x false
   -8.400000000   -0.000000000   -0.000000000
   -8.316000000   -0.000000000   -0.000000000
   -8.232000000   -0.000000000   -0.000000000
   -8.148000000   -0.000000000   -0.000000000
   -8.064000000   -0.000000000   -0.000000000
   -7.980000000   -0.000000000   -0.000000000
   -7.896000000   -0.000000000   -0.000000000
   -7.812000000   -0.000000000   -0.000000000
   -7.728000000   -0.000000000   -0.000000000
   -7.644000000   -0.000000000   -0.000000000
   -7.560000000   -0.000000000   -0.000000000
   -7.476000000   -0.000000000   -0.000000000
   -7.392000000   -0.000000000   -0.000000000
   -7.308000000   -0.000000000   -0.000000000
   -7.224000000   -0.000000000   -0.000000000
   -7.140000000   -0.000000000   -0.000000000
   -7.056000000   -0.000000000   -0.000000000
   -6.972000000   -0.000000000   -0.000000000
   -6.888000000   -0.000000000   -0.000000000
   -6.804000000   -0.000000000   -0.000000000
   -6.720000000   -0.000000000   -0.000000000
   -6.636000000   -0.000000000   -0.000000000
   -6.552000000   -0.000000000   -0.000000000
   -6.468000000   -0.000000000   -0.000000000
   -6.384000000   -0.000000000   -0.000000000
   -6.300000000   -0.000000000   -0.000000000
   -6.216000000   -0.000000000   -0.000000000
   -6.132000000   -0.000000000   -0.000000000
   -6.048000000   -0.000000000   -0.000000000
   -5.964000000   -0.000000000   -0.000000000
   -5.880000000   -0.000000000   -0.000000000
   -5.796000000   -0.000000000   -0.000000000
   -5.712000000   -0.000000000   -0.000000000
   -5.628000000   -0.000000000   -0.000000000
   -5.544000000   -0.000000000   -0.000000000
   -5.460000000   -0.000000000   -0.000000000
   -5.376000000   -0.000000000   -0.000000000
   -5.292000000   -0.000064666   -0.000991313
   -5.208000000   -0.000352456   -0.005103450
   -5.124000000   -0.001347293   -0.018192122
   -5.040000000   -0.004485300   -0.056511199
   -4.956000000   -0.012458269   -0.142914649
   -4.872000000   -0.031210269   -0.322672126
   -4.788000000   -0.071072202   -0.655608887
   -4.704000000   -0.147388127   -1.198012687
   -4.620000000   -0.279063282   -1.969075906
   -4.536000000   -0.483061210   -2.900927431
   -4.452000000   -0.766309391   -3.818485016
   -4.368000000   -1.117286583   -4.469034655
   -4.284000000   -1.503262285   -4.621377883
   -4.200000000   -1.877471260   -4.192497142
   -4.116000000   -2.195218907   -3.318648617
   -4.032000000   -2.431458177   -2.309061734
   -3.948000000   -2.588604322   -1.482806192
   -3.864000000   -2.691027560   -1.015800146
   -3.780000000   -2.768712736   -0.873900308
   -3.696000000   -2.842349414   -0.885901047
   -3.612000000   -2.916796351   -0.866158280
   -3.528000000   -2.983926771   -0.702327356
   -3.444000000   -3.030316901   -0.377481764
   -3.360000000   -3.044349907    0.054402546
   -3.276000000   -3.020230544    0.514570432
   -3.192000000   -2.958778817    0.932726642
   -3.108000000   -2.864800425    1.269679258
   -3.024000000   -2.745623986    1.551153874
   -2.940000000   -2.604538257    1.800650685
   -2.856000000   -2.442567367    2.047869502
   -2.772000000   -2.259679614    2.295741804
   -2.688000000   -2.057165013    2.503364902
   -2.604000000   -1.840978114    2.611796459
   -2.520000000   -1.621806169    2.565449992
   -2.436000000   -1.413678652    2.354294162
   -2.352000000   -1.228730714    2.022118801
   -2.268000000   -1.073593771    1.669704816
   -2.184000000   -0.945490304    1.395428490
   -2.100000000   -0.834607706    1.251475289
   -2.016000000   -0.731247236    1.216425417
   -1.932000000   -0.629958753    1.174753922
   -1.848000000   -0.536837961    1.005030160
   -1.764000000   -0.466423075    0.629781042
   -1.680000000   -0.435980238    0.066830208
   -1.596000000   -0.457520754   -0.591066985
   -1.512000000   -0.534213314   -1.219429905
   -1.428000000   -0.658874080   -1.726498821
   -1.344000000   -0.819643575   -2.073485139
   -1.260000000   -1.003589666   -2.282852704
   -1.176000000   -1.200802688   -2.407766786
   -1.092000000   -1.407599199   -2.522830412
   -1.008000000   -1.625758341   -2.679544619
   -0.924000000   -1.859429460   -2.892181545
   -0.840000000   -2.111837124   -3.107172518
   -0.756000000   -2.379066985   -3.225870489
   -0.672000000   -2.648115817   -3.137447835
   -0.588000000   -2.898997321   -2.785901477
   -0.504000000   -3.109284392   -2.189534424
   -0.420000000   -3.262934655   -1.459212155
   -0.336000000   -3.354854294   -0.744586258
   -0.252000000   -3.392309658   -0.177792489
   -0.168000000   -3.390449240    0.192499398
   -0.084000000   -3.363607934    0.425263296
    0.000000000   -3.318978151    0.636969521
    0.084000000   -3.254502692    0.909677644
    0.168000000   -3.164100998    1.234958524
    0.252000000   -3.046351264    1.552181623
    0.336000000   -2.904776016    1.799340700
    0.420000000   -2.744289870    2.001795619
    0.504000000   -2.565355675    2.271104494
    0.588000000   -2.358583859    2.661387844
    0.672000000   -2.114650684    3.130907387
    0.756000000   -1.833599809    3.528749537
    0.840000000   -1.528735888    3.661753444
    0.924000000   -1.226755363    3.467197627
    1.008000000   -0.953231986    3.000455138
    1.092000000   -0.724696808    2.419691834
    1.176000000   -0.544104690    1.880196917
    1.260000000   -0.404423562    1.464416322
    1.344000000   -0.294508650    1.157065856
    1.428000000   -0.207305910    0.925965771
    1.512000000   -0.137843959    0.713692631
    1.596000000   -0.085786221    0.522287200
    1.680000000   -0.049114520    0.349092553
    1.764000000   -0.025626961    0.210011674
    1.848000000   -0.012147794    0.113664775
    1.932000000   -0.005253803    0.055706009
    2.016000000   -0.002004582    0.023624075
    2.100000000   -0.000604533    0.007729306
    2.184000000   -0.000195199    0.002758081
    2.268000000   -0.000000000   -0.000000000
    2.352000000   -0.000000000   -0.000000000
    2.436000000   -0.000000000   -0.000000000
    2.520000000   -0.000000000   -0.000000000
    2.604000000   -0.000000000   -0.000000000
    2.688000000   -0.000000000   -0.000000000
    2.772000000   -0.000000000   -0.000000000
    2.856000000   -0.000000000   -0.000000000
    2.940000000   -0.000000000   -0.000000000
    3.024000000   -0.000000000   -0.000000000
    3.108000000   -0.000000000   -0.000000000
    3.192000000   -0.000000000   -0.000000000
    3.276000000   -0.000000000   -0.000000000
    3.360000000   -0.000000000   -0.000000000
    3.444000000   -0.000000000   -0.000000000
    3.528000000   -0.000000000   -0.000000000
    3.612000000   -0.000000000   -0.000000000
    3.696000000   -0.000000000   -0.000000000
    3.780000000   -0.000000000   -0.000000000
    3.864000000   -0.000000000   -0.000000000
    3.948000000   -0.000000000   -0.000000000
    4.032000000   -0.000000000   -0.000000000
    4.116000000   -0.000000000   -0.000000000
    4.200000000   -0.000000000   -0.000000000
    4.284000000   -0.000000000   -0.000000000
    4.368000000   -0.000000000   -0.000000000
    4.452000000   -0.000000000   -0.000000000
    4.536000000   -0.000000000   -0.000000000
    4.620000000   -0.000000000   -0.000000000
    4.704000000   -0.000000000   -0.000000000
    4.788000000   -0.000000000   -0.000000000
    4.872000000   -0.000000000   -0.000000000
    4.956000000   -0.000000000   -0.000000000
    5.040000000   -0.000000000   -0.000000000
    5.124000000   -0.000000000   -0.000000000
    5.208000000   -0.000000000   -0.000000000
    5.292000000   -0.000000000   -0.000000000
    5.376000000   -0.000000000   -0.000000000
    5.460000000   -0.000000000   -0.000000000
    5.544000000   -0.000000000   -0.000000000
    5.628000000   -0.000000000   -0.000000000
    5.712000000   -0.000000000   -0.000000000
    5.796000000   -0.000000000   -0.000000000
    5.880000000   -0.000000000   -0.000000000
    5.964000000   -0.000000000   -0.000000000
    6.048000000   -0.000000000   -0.000000000
    6.132000000   -0.000000000   -0.000000000
    6.216000000   -0.000000000   -0.000000000
    6.300000000   -0.000000000   -0.000000000
    6.384000000   -0.000000000   -0.000000000
    6.468000000   -0.000000000   -0.000000000
    6.552000000   -0.000000000   -0.000000000
    6.636000000   -0.000000000   -0.000000000
    6.720000000   -0.000000000   -0.000000000
    6.804000000   -0.000000000   -0.000000000
    6.888000000   -0.000000000   -0.000000000
    6.972000000   -0.000000000   -0.000000000
    7.056000000   -0.000000000   -0.000000000
    7.140000000   -0.000000000   -0.000000000
    7.224000000   -0.000000000   -0.000000000
    7.308000000   -0.000000000   -0.000000000
    7.392000000   -0.000000000   -0.000000000
    7.476000000   -0.000000000   -0.000000000
    7.560000000   -0.000000000   -0.000000000
    7.644000000   -0.000000000   -0.000000000
    7.728000000   -0.000000000   -0.000000000
    7.812000000   -0.000000000   -0.000000000
    7.896000000   -0.000000000   -0.000000000
    7.980000000   -0.000000000   -0.000000000
    8.064000000   -0.000000000   -0.000000000
    8.148000000   -0.000000000   -0.000000000
    8.232000000   -0.000000000   -0.000000000
    8.316000000   -0.000000000   -0.000000000
    8.400000000   -0.000000000   -0.000000000
