#! FIELDS p.x file.free der_p.x
#! SET min_p.x -8.4
#! SET max_p.x 8.4
#! SET nbins_p.x  201
#! SET periodic_p.x false
   -8.400000000   -0.000000000   -0.000000000
   -8.316000000   -0.000000000   -0.000000000
   -8.232000000   -0.000000000   -0.000000000
   -8.148000000   -0.000000000   -0.000000000
   -8.064000000   -0.000000000   -0.000000000
   -7.980000000   -0.000000000   -0.000000000
   -7.896000000   -0.000000000   -0.000000000
   -7.812000000   -0.000000000   -0.000000000
   -7.728000000   -0.000000000   -0.000000000
   -7.644000000   -0.000000000   -0.000000000
   -7.560000000   -0.000000000   -0.000000000
   -7.476000000   -0.000000000   -0.000000000
   -7.392000000   -0.000000000   -0.000000000
   -7.308000000   -0.000000000   -0.000000000
   -7.224000000   -0.000000000   -0.000000000
   -7.140000000   -0.000000000   -0.000000000
   -7.056000000   -0.000000000   -0.000000000
   -6.972000000   -0.000000000   -0.000000000
   -6.888000000   -0.000000000   -0.000000000
   -6.804000000   -0.000000000   -0.000000000
   -6.720000000   -0.000000000   -0.000000000
   -6.636000000   -0.000000000   -0.000000000
   -6.552000000   -0.000000000   -0.000000000
   -6.468000000   -0.000000000   -0.000000000
   -6.384000000   -0.000000000   -0.000000000
   -6.300000000   -0.000000000   -0.000000000
   -6.216000000   -0.000000000   -0.000000000
   -6.132000000   -0.000000000   -0.000000000
   -6.048000000   -0.000000000   -0.000000000
   -5.964000000   -0.000000000   -0.000000000
   -5.880000000   -0.000000000   -0.000000000
   -5.796000000   -0.000000000   -0.000000000
   -5.712000000   -0.000000000   -0.000000000
   -5.628000000   -0.000000000   -0.000000000
   -5.544000000   -0.000000000   -0.000000000
   -5.460000000   -0.000000000   -0.000000000
   -5.376000000   -0.000000000   -0.000000000
   -5.292000000   -0.000064666   -0.000991313
   -5.208000000   -0.000352456   -0.005103450
   -5.124000000   -0.001347293   -0.018192122
   -5.040000000   -0.004485300   -0.056511199
   -4.956000000   -0.012458269   -0.142914649
   -4.872000000   -0.031210269   -0.322672126
   -4.788000000   -0.071072202   -0.655608887
   -4.704000000   -0.147388127   -1.198012687
   -4.620000000   -0.279063282   -1.969075906
   -4.536000000   -0.483061210   -2.900927431
   -4.452000000   -0.766309391   -3.818485016
   -4.368000000   -1.117286583   -4.469034655
   -4.284000000   -1.503262285   -4.621377883
   -4.200000000   -1.877471260   -4.192497142
   -4.116000000   -2.195218907   -3.318648617
   -4.032000000   -2.431458177   -2.309061734
   -3.948000000   -2.588604322   -1.482806192
   -3.864000000   -2.691027560   -1.015800146
   -3.780000000   -2.768712736   -0.873900308
   -3.696000000   -2.842349414   -0.885901047
   -3.612000000   -2.916796351   -0.866158280
   -3.528000000   -2.983926771   -0.702327356
   -3.444000000   -3.030316901   -0.377481764
   -3.360000000   -3.044349907    0.054402546
   -3.276000000   -3.020230544    0.514570432
   -3.192000000   -2.958778817    0.932726642
   -3.108000000   -2.864800425    1.269679258
   -3.024000000   -2.745623986    1.551153874
   -2.940000000   -2.604538257    1.800650685
   -2.856000000   -2.442567367    2.047869502
   -2.772000000   -2.259679614    2.295741804
   -2.688000000   -2.057165013    2.503364902
   -2.604000000   -1.840978114    2.611796459
   -2.520000000   -1.621806169    2.565449992
   -2.436000000   -1.413678652    2.354294162
   -2.352000000   -1.228701032    2.022597341
   -2.268000000   -1.073485097    1.671310792
   -2.184000000   -0.945134902    1.400202925
   -2.100000000   -0.833569500    1.264027090
   -2.016000000   -0.728415714    1.247420893
   -1.932000000   -0.623116211    1.241692114
   -1.848000000   -0.522025408    1.132658117
   -1.764000000   -0.437175265    0.850489566
   -1.680000000   -0.383128290    0.413491860
   -1.596000000   -0.369216168   -0.089435105
   -1.512000000   -0.396449620   -0.542311795
   -1.428000000   -0.456690251   -0.871252080
   -1.344000000   -0.538884422   -1.065836260
   -1.260000000   -0.633899584   -1.190670917
   -1.176000000   -0.739776741   -1.347689799
   -1.092000000   -0.863692988   -1.632129528
   -1.008000000   -1.017958145   -2.062600755
   -0.924000000   -1.212404511   -2.569587158
   -0.840000000   -1.447247939   -2.991857229
   -0.756000000   -1.708145605   -3.162665929
   -0.672000000   -1.968508701   -2.972298603
   -0.588000000   -2.197860703   -2.433234216
   -0.504000000   -2.370819032   -1.663648043
   -0.420000000   -2.476176890   -0.851758143
   -0.336000000   -2.518093441   -0.182895236
   -0.252000000   -2.514126264    0.230465778
   -0.168000000   -2.486753670    0.381623380
   -0.084000000   -2.454301538    0.374095464
    0.000000000   -2.423613002    0.370213348
    0.084000000   -2.388002242    0.507543040
    0.168000000   -2.332385882    0.841960391
    0.252000000   -2.241493717    1.332936833
    0.336000000   -2.106317447    1.877381116
    0.420000000   -1.926618275    2.371226784
    0.504000000   -1.710049821    2.757555120
    0.588000000   -1.467114951    2.991433857
    0.672000000   -1.211526105    3.053594258
    0.756000000   -0.958575166    2.936421056
    0.840000000   -0.722738732    2.641979795
    0.924000000   -0.517475793    2.225691607
    1.008000000   -0.350050747    1.745360139
    1.092000000   -0.222978275    1.276243445
    1.176000000   -0.132995628    0.866410422
    1.260000000   -0.074123238    0.548293472
    1.344000000   -0.038030425    0.315936502
    1.428000000   -0.018121677    0.169461275
    1.512000000   -0.007656505    0.078855028
    1.596000000   -0.002981297    0.033913626
    1.680000000   -0.001057706    0.013260502
    1.764000000   -0.000311937    0.004238718
    1.848000000   -0.000000000   -0.000000000
    1.932000000   -0.000000000   -0.000000000
    2.016000000   -0.000000000   -0.000000000
    2.100000000   -0.000000000   -0.000000000
    2.184000000   -0.000000000   -0.000000000
    2.268000000   -0.000000000   -0.000000000
    2.352000000   -0.000000000   -0.000000000
    2.436000000   -0.000000000   -0.000000000
    2.520000000   -0.000000000   -0.000000000
    2.604000000   -0.000000000   -0.000000000
    2.688000000   -0.000000000   -0.000000000
    2.772000000   -0.000000000   -0.000000000
    2.856000000   -0.000000000   -0.000000000
    2.940000000   -0.000000000   -0.000000000
    3.024000000   -0.000000000   -0.000000000
    3.108000000   -0.000000000   -0.000000000
    3.192000000   -0.000000000   -0.000000000
    3.276000000   -0.000000000   -0.000000000
    3.360000000   -0.000000000   -0.000000000
    3.444000000   -0.000000000   -0.000000000
    3.528000000   -0.000000000   -0.000000000
    3.612000000   -0.000000000   -0.000000000
    3.696000000   -0.000000000   -0.000000000
    3.780000000   -0.000000000   -0.000000000
    3.864000000   -0.000000000   -0.000000000
    3.948000000   -0.000000000   -0.000000000
    4.032000000   -0.000000000   -0.000000000
    4.116000000   -0.000000000   -0.000000000
    4.200000000   -0.000000000   -0.000000000
    4.284000000   -0.000000000   -0.000000000
    4.368000000   -0.000000000   -0.000000000
    4.452000000   -0.000000000   -0.000000000
    4.536000000   -0.000000000   -0.000000000
    4.620000000   -0.000000000   -0.000000000
    4.704000000   -0.000000000   -0.000000000
    4.788000000   -0.000000000   -0.000000000
    4.872000000   -0.000000000   -0.000000000
    4.956000000   -0.000000000   -0.000000000
    5.040000000   -0.000000000   -0.000000000
    5.124000000   -0.000000000   -0.000000000
    5.208000000   -0.000000000   -0.000000000
    5.292000000   -0.000000000   -0.000000000
    5.376000000   -0.000000000   -0.000000000
    5.460000000   -0.000000000   -0.000000000
    5.544000000   -0.000000000   -0.000000000
    5.628000000   -0.000000000   -0.000000000
    5.712000000   -0.000000000   -0.000000000
    5.796000000   -0.000000000   -0.000000000
    5.880000000   -0.000000000   -0.000000000
    5.964000000   -0.000000000   -0.000000000
    6.048000000   -0.000000000   -0.000000000
    6.132000000   -0.000000000   -0.000000000
    6.216000000   -0.000000000   -0.000000000
    6.300000000   -0.000000000   -0.000000000
    6.384000000   -0.000000000   -0.000000000
    6.468000000   -0.000000000   -0.000000000
    6.552000000   -0.000000000   -0.000000000
    6.636000000   -0.000000000   -0.000000000
    6.720000000   -0.000000000   -0.000000000
    6.804000000   -0.000000000   -0.000000000
    6.888000000   -0.000000000   -0.000000000
    6.972000000   -0.000000000   -0.000000000
    7.056000000   -0.000000000   -0.000000000
    7.140000000   -0.000000000   -0.000000000
    7.224000000   -0.000000000   -0.000000000
    7.308000000   -0.000000000   -0.000000000
    7.392000000   -0.000000000   -0.000000000
    7.476000000   -0.000000000   -0.000000000
    7.560000000   -0.000000000   -0.000000000
    7.644000000   -0.000000000   -0.000000000
    7.728000000   -0.000000000   -0.000000000
    7.812000000   -0.000000000   -0.000000000
    7.896000000   -0.000000000   -0.000000000
    7.980000000   -0.000000000   -0.000000000
    8.064000000   -0.000000000   -0.000000000
    8.148000000   -0.000000000   -0.000000000
    8.232000000   -0.000000000   -0.000000000
    8.316000000   -0.000000000   -0.000000000
    8.400000000   -0.000000000   -0.000000000
