#! FIELDS p.x file.free der_p.x
#! SET min_p.x -8.4
#! SET max_p.x 8.4
#! SET nbins_p.x  201
#! SET periodic_p.x false
   -8.400000000   -0.000000000   -0.000000000
   -8.316000000   -0.000000000   -0.000000000
   -8.232000000   -0.000000000   -0.000000000
   -8.148000000   -0.000000000   -0.000000000
   -8.064000000   -0.000000000   -0.000000000
   -7.980000000   -0.000000000   -0.000000000
   -7.896000000   -0.000000000   -0.000000000
   -7.812000000   -0.000000000   -0.000000000
   -7.728000000   -0.000000000   -0.000000000
   -7.644000000   -0.000000000   -0.000000000
   -7.560000000   -0.000000000   -0.000000000
   -7.476000000   -0.000000000   -0.000000000
   -7.392000000   -0.000000000   -0.000000000
   -7.308000000   -0.000000000   -0.000000000
   -7.224000000   -0.000000000   -0.000000000
   -7.140000000   -0.000000000   -0.000000000
   -7.056000000   -0.000000000   -0.000000000
   -6.972000000   -0.000000000   -0.000000000
   -6.888000000   -0.000000000   -0.000000000
   -6.804000000   -0.000000000   -0.000000000
   -6.720000000   -0.000000000   -0.000000000
   -6.636000000   -0.000000000   -0.000000000
   -6.552000000   -0.000000000   -0.000000000
   -6.468000000   -0.000000000   -0.000000000
   -6.384000000   -0.000000000   -0.000000000
   -6.300000000   -0.000000000   -0.000000000
   -6.216000000   -0.000000000   -0.000000000
   -6.132000000   -0.000000000   -0.000000000
   -6.048000000   -0.000000000   -0.000000000
   -5.964000000   -0.000000000   -0.000000000
   -5.880000000   -0.000000000   -0.000000000
   -5.796000000   -0.000000000   -0.000000000
   -5.712000000   -0.000000000   -0.000000000
   -5.628000000   -0.000000000   -0.000000000
   -5.544000000   -0.000000000   -0.000000000
   -5.460000000   -0.000000000   -0.000000000
   -5.376000000   -0.000000000   -0.000000000
   -5.292000000   -0.000000000   -0.000000000
   -5.208000000   -0.000000000   -0.000000000
   -5.124000000   -0.000000000   -0.000000000
   -5.040000000   -0.000000000   -0.000000000
   -4.956000000   -0.000000000   -0.000000000
   -4.872000000   -0.000000000   -0.000000000
   -4.788000000   -0.000000000   -0.000000000
   -4.704000000   -0.000000000   -0.000000000
   -4.620000000   -0.000000000   -0.000000000
   -4.536000000   -0.000000000   -0.000000000
   -4.452000000   -0.000000000   -0.000000000
   -4.368000000   -0.000000000   -0.000000000
   -4.284000000   -0.000000000   -0.000000000
   -4.200000000   -0.000000000   -0.000000000
   -4.116000000   -0.000000000   -0.000000000
   -4.032000000   -0.000000000   -0.000000000
   -3.948000000   -0.000000000   -0.000000000
   -3.864000000   -0.000000000   -0.000000000
   -3.780000000   -0.000000000   -0.000000000
   -3.696000000   -0.000000000   -0.000000000
   -3.612000000   -0.000000000   -0.000000000
   -3.528000000   -0.000000000   -0.000000000
   -3.444000000   -0.000000000   -0.000000000
   -3.360000000   -0.000000000   -0.000000000
   -3.276000000   -0.000000000   -0.000000000
   -3.192000000   -0.000000000   -0.000000000
   -3.108000000   -0.000000000   -0.000000000
   -3.024000000   -0.000000000   -0.000000000
   -2.940000000   -0.000000000   -0.000000000
   -2.856000000   -0.000000000   -0.000000000
   -2.772000000   -0.000000000   -0.000000000
   -2.688000000   -0.000000000   -0.000000000
   -2.604000000   -0.000000000   -0.000000000
   -2.520000000   -0.000000000   -0.000000000
   -2.436000000   -0.000000000   -0.000000000
   -2.352000000   -0.000000000   -0.000000000
   -2.268000000   -0.000000000   -0.000000000
   -2.184000000   -0.000000000   -0.000000000
   -2.100000000   -0.000000000   -0.000000000
   -2.016000000   -0.000000000   -0.000000000
   -1.932000000   -0.000000000   -0.000000000
   -1.848000000   -0.000000000   -0.000000000
   -1.764000000   -0.000034507   -0.000551131
   -1.680000000   -0.000124752   -0.001824846
   -1.596000000   -0.000472361   -0.006411667
   -1.512000000   -0.001438124   -0.017790761
   -1.428000000   -0.003854645   -0.042809841
   -1.344000000   -0.009347098   -0.092407110
   -1.260000000   -0.020430415   -0.177479366
   -1.176000000   -0.040417628   -0.304129242
   -1.092000000   -0.072558714   -0.464670505
   -1.008000000   -0.118947223   -0.636916946
   -0.924000000   -0.178979628   -0.785103870
   -0.840000000   -0.249416868   -0.880944713
   -0.756000000   -0.325365957   -0.917053187
   -0.672000000   -0.402380699   -0.911231168
   -0.588000000   -0.478248953   -0.894676618
   -0.504000000   -0.553048023   -0.888883925
   -0.420000000   -0.627980810   -0.895548716
   -0.336000000   -0.703339969   -0.895505552
   -0.252000000   -0.777501429   -0.862462695
   -0.168000000   -0.846545005   -0.769072716
   -0.084000000   -0.904230310   -0.587311580
    0.000000000   -0.942021210   -0.292188132
    0.084000000   -0.949970919    0.120949562
    0.168000000   -0.919337372    0.612029957
    0.252000000   -0.847081488    1.097905818
    0.336000000   -0.738088812    1.468081441
    0.420000000   -0.605685759    1.645533364
    0.504000000   -0.467306429    1.616605501
    0.588000000   -0.338643519    1.422995958
    0.672000000   -0.230473827    1.141849629
    0.756000000   -0.147097046    0.843680292
    0.840000000   -0.087705334    0.575752651
    0.924000000   -0.048591341    0.362410462
    1.008000000   -0.024856686    0.209506634
    1.092000000   -0.011529918    0.108516984
    1.176000000   -0.004833666    0.050438402
    1.260000000   -0.001868857    0.021664577
    1.344000000   -0.000635053    0.008080289
    1.428000000   -0.000206121    0.002899665
    1.512000000   -0.000000000   -0.000000000
    1.596000000   -0.000000000   -0.000000000
    1.680000000   -0.000000000   -0.000000000
    1.764000000   -0.000000000   -0.000000000
    1.848000000   -0.000000000   -0.000000000
    1.932000000   -0.000000000   -0.000000000
    2.016000000   -0.000000000   -0.000000000
    2.100000000   -0.000000000   -0.000000000
    2.184000000   -0.000000000   -0.000000000
    2.268000000   -0.000000000   -0.000000000
    2.352000000   -0.000000000   -0.000000000
    2.436000000   -0.000000000   -0.000000000
    2.520000000   -0.000000000   -0.000000000
    2.604000000   -0.000000000   -0.000000000
    2.688000000   -0.000000000   -0.000000000
    2.772000000   -0.000000000   -0.000000000
    2.856000000   -0.000000000   -0.000000000
    2.940000000   -0.000000000   -0.000000000
    3.024000000   -0.000000000   -0.000000000
    3.108000000   -0.000000000   -0.000000000
    3.192000000   -0.000000000   -0.000000000
    3.276000000   -0.000000000   -0.000000000
    3.360000000   -0.000000000   -0.000000000
    3.444000000   -0.000000000   -0.000000000
    3.528000000   -0.000000000   -0.000000000
    3.612000000   -0.000000000   -0.000000000
    3.696000000   -0.000000000   -0.000000000
    3.780000000   -0.000000000   -0.000000000
    3.864000000   -0.000000000   -0.000000000
    3.948000000   -0.000000000   -0.000000000
    4.032000000   -0.000000000   -0.000000000
    4.116000000   -0.000000000   -0.000000000
    4.200000000   -0.000000000   -0.000000000
    4.284000000   -0.000000000   -0.000000000
    4.368000000   -0.000000000   -0.000000000
    4.452000000   -0.000000000   -0.000000000
    4.536000000   -0.000000000   -0.000000000
    4.620000000   -0.000000000   -0.000000000
    4.704000000   -0.000000000   -0.000000000
    4.788000000   -0.000000000   -0.000000000
    4.872000000   -0.000000000   -0.000000000
    4.956000000   -0.000000000   -0.000000000
    5.040000000   -0.000000000   -0.000000000
    5.124000000   -0.000000000   -0.000000000
    5.208000000   -0.000000000   -0.000000000
    5.292000000   -0.000000000   -0.000000000
    5.376000000   -0.000000000   -0.000000000
    5.460000000   -0.000000000   -0.000000000
    5.544000000   -0.000000000   -0.000000000
    5.628000000   -0.000000000   -0.000000000
    5.712000000   -0.000000000   -0.000000000
    5.796000000   -0.000000000   -0.000000000
    5.880000000   -0.000000000   -0.000000000
    5.964000000   -0.000000000   -0.000000000
    6.048000000   -0.000000000   -0.000000000
    6.132000000   -0.000000000   -0.000000000
    6.216000000   -0.000000000   -0.000000000
    6.300000000   -0.000000000   -0.000000000
    6.384000000   -0.000000000   -0.000000000
    6.468000000   -0.000000000   -0.000000000
    6.552000000   -0.000000000   -0.000000000
    6.636000000   -0.000000000   -0.000000000
    6.720000000   -0.000000000   -0.000000000
    6.804000000   -0.000000000   -0.000000000
    6.888000000   -0.000000000   -0.000000000
    6.972000000   -0.000000000   -0.000000000
    7.056000000   -0.000000000   -0.000000000
    7.140000000   -0.000000000   -0.000000000
    7.224000000   -0.000000000   -0.000000000
    7.308000000   -0.000000000   -0.000000000
    7.392000000   -0.000000000   -0.000000000
    7.476000000   -0.000000000   -0.000000000
    7.560000000   -0.000000000   -0.000000000
    7.644000000   -0.000000000   -0.000000000
    7.728000000   -0.000000000   -0.000000000
    7.812000000   -0.000000000   -0.000000000
    7.896000000   -0.000000000   -0.000000000
    7.980000000   -0.000000000   -0.000000000
    8.064000000   -0.000000000   -0.000000000
    8.148000000   -0.000000000   -0.000000000
    8.232000000   -0.000000000   -0.000000000
    8.316000000   -0.000000000   -0.000000000
    8.400000000   -0.000000000   -0.000000000
