#! FIELDS p.x file.free der_p.x
#! SET min_p.x -8.4
#! SET max_p.x 8.4
#! SET nbins_p.x  201
#! SET periodic_p.x false
   -8.400000000   -0.000000000   -0.000000000
   -8.316000000   -0.000000000   -0.000000000
   -8.232000000   -0.000000000   -0.000000000
   -8.148000000   -0.000000000   -0.000000000
   -8.064000000   -0.000000000   -0.000000000
   -7.980000000   -0.000000000   -0.000000000
   -7.896000000   -0.000000000   -0.000000000
   -7.812000000   -0.000000000   -0.000000000
   -7.728000000   -0.000000000   -0.000000000
   -7.644000000   -0.000000000   -0.000000000
   -7.560000000   -0.000000000   -0.000000000
   -7.476000000   -0.000000000   -0.000000000
   -7.392000000   -0.000000000   -0.000000000
   -7.308000000   -0.000000000   -0.000000000
   -7.224000000   -0.000000000   -0.000000000
   -7.140000000   -0.000000000   -0.000000000
   -7.056000000   -0.000000000   -0.000000000
   -6.972000000   -0.000000000   -0.000000000
   -6.888000000   -0.000000000   -0.000000000
   -6.804000000   -0.000000000   -0.000000000
   -6.720000000   -0.000000000   -0.000000000
   -6.636000000   -0.000000000   -0.000000000
   -6.552000000   -0.000000000   -0.000000000
   -6.468000000   -0.000000000   -0.000000000
   -6.384000000   -0.000000000   -0.000000000
   -6.300000000   -0.000000000   -0.000000000
   -6.216000000   -0.000000000   -0.000000000
   -6.132000000   -0.000049572   -0.000773547
   -6.048000000   -0.000270242   -0.003916109
   -5.964000000   -0.000917872   -0.012203421
   -5.880000000   -0.002787321   -0.033848480
   -5.796000000   -0.007564834   -0.083398418
   -5.712000000   -0.018420940   -0.182620195
   -5.628000000   -0.040920070   -0.363424161
   -5.544000000   -0.082852095   -0.653573575
   -5.460000000   -0.154906041   -1.082429788
   -5.376000000   -0.269332116   -1.663808929
   -5.292000000   -0.439063326   -2.395532019
   -5.208000000   -0.675619301   -3.246621870
   -5.124000000   -0.986283323   -4.144738961
   -5.040000000   -1.370666112   -4.976116821
   -4.956000000   -1.816903459   -5.597682614
   -4.872000000   -2.302559573   -5.903813391
   -4.788000000   -2.799880738   -5.882338441
   -4.704000000   -3.284740140   -5.628861035
   -4.620000000   -3.743952186   -5.294485117
   -4.536000000   -4.176072776   -4.997985582
   -4.452000000   -4.586286224   -4.775137369
   -4.368000000   -4.980127966   -4.600587869
   -4.284000000   -5.360251499   -4.442027458
   -4.200000000   -5.727417874   -4.296250124
   -4.116000000   -6.083312154   -4.174995321
   -4.032000000   -6.429747982   -4.066641078
   -3.948000000   -6.765176781   -3.901980818
   -3.864000000   -7.080942013   -3.590276687
   -3.780000000   -7.362489564   -3.085100315
   -3.696000000   -7.594843656   -2.439690843
   -3.612000000   -7.770522220   -1.742354926
   -3.528000000   -7.887733837   -1.061921215
   -3.444000000   -7.947477623   -0.370398692
   -3.360000000   -7.946819630    0.387078936
   -3.276000000   -7.880361809    1.182541759
   -3.192000000   -7.750186071    1.873447925
   -3.108000000   -7.571592577    2.296452504
   -3.024000000   -7.371235864    2.406165119
   -2.940000000   -7.171733560    2.308462154
   -2.856000000   -6.981225279    2.215470702
   -2.772000000   -6.792593367    2.278064563
   -2.688000000   -6.592297844    2.489621013
   -2.604000000   -6.371570614    2.730775943
   -2.520000000   -6.133926578    2.892246233
   -2.436000000   -5.887076739    2.945927383
   -2.352000000   -5.638562509    2.929692161
   -2.268000000   -5.394508628    2.850808302
   -2.184000000   -5.162292135    2.626217750
   -2.100000000   -4.956860071    2.200106727
   -2.016000000   -4.795434413    1.606767067
   -1.932000000   -4.686136380    0.999583376
   -1.848000000   -4.621207507    0.571588925
   -1.764000000   -4.580234102    0.428785878
   -1.680000000   -4.541385317    0.494441600
   -1.596000000   -4.495943615    0.548856763
   -1.512000000   -4.454697862    0.373115960
   -1.428000000   -4.441066890   -0.110251368
   -1.344000000   -4.477701663   -0.796197137
   -1.260000000   -4.573438305   -1.485629687
   -1.176000000   -4.720503955   -1.984798652
   -1.092000000   -4.899484136   -2.249959758
   -1.008000000   -5.092740848   -2.339084914
   -0.924000000   -5.289934009   -2.356107485
   -0.840000000   -5.488390931   -2.383629091
   -0.756000000   -5.690043215   -2.439746148
   -0.672000000   -5.896336226   -2.467668737
   -0.588000000   -6.102276475   -2.426825574
   -0.504000000   -6.298253782   -2.220237605
   -0.420000000   -6.469027678   -1.815647944
   -0.336000000   -6.597939956   -1.232624929
   -0.252000000   -6.672683377   -0.558974952
   -0.168000000   -6.690628362    0.108285433
   -0.084000000   -6.655786122    0.686766250
    0.000000000   -6.577737199    1.139914103
    0.084000000   -6.467001277    1.465842754
    0.168000000   -6.332708703    1.697168822
    0.252000000   -6.181129066    1.893496460
    0.336000000   -6.011727991    2.135668073
    0.420000000   -5.816468420    2.512503971
    0.504000000   -5.583381479    3.044260960
    0.588000000   -5.301883084    3.639319416
    0.672000000   -4.972415448    4.155054997
    0.756000000   -4.606524206    4.498751588
    0.840000000   -4.219656040    4.670852523
    0.924000000   -3.823295954    4.734444736
    1.008000000   -3.423597200    4.745328141
    1.092000000   -3.025162753    4.700782895
    1.176000000   -2.634685919    4.551394511
    1.260000000   -2.262596184    4.278476900
    1.344000000   -1.917770288    3.892664650
    1.428000000   -1.607911384    3.468324834
    1.512000000   -1.333687673    3.029503879
    1.596000000   -1.095764223    2.627108804
    1.680000000   -0.890165221    2.265031294
    1.764000000   -0.712583123    1.959842714
    1.848000000   -0.558217567    1.714570414
    1.932000000   -0.422737957    1.496940187
    2.016000000   -0.305492636    1.278489417
    2.100000000   -0.207656886    1.035771084
    2.184000000   -0.131325417    0.778855554
    2.268000000   -0.076207108    0.529268707
    2.352000000   -0.040475800    0.325730543
    2.436000000   -0.019385624    0.177371752
    2.520000000   -0.008536689    0.088612107
    2.604000000   -0.003319480    0.038333975
    2.688000000   -0.001105859    0.013989438
    2.772000000   -0.000294618    0.004023142
    2.856000000   -0.000000000   -0.000000000
    2.940000000   -0.000000000   -0.000000000
    3.024000000   -0.000000000   -0.000000000
    3.108000000   -0.000000000   -0.000000000
    3.192000000   -0.000000000   -0.000000000
    3.276000000   -0.000000000   -0.000000000
    3.360000000   -0.000000000   -0.000000000
    3.444000000   -0.000000000   -0.000000000
    3.528000000   -0.000000000   -0.000000000
    3.612000000   -0.000000000   -0.000000000
    3.696000000   -0.000000000   -0.000000000
    3.780000000   -0.000000000   -0.000000000
    3.864000000   -0.000000000   -0.000000000
    3.948000000   -0.000000000   -0.000000000
    4.032000000   -0.000000000   -0.000000000
    4.116000000   -0.000000000   -0.000000000
    4.200000000   -0.000000000   -0.000000000
    4.284000000   -0.000000000   -0.000000000
    4.368000000   -0.000000000   -0.000000000
    4.452000000   -0.000000000   -0.000000000
    4.536000000   -0.000000000   -0.000000000
    4.620000000   -0.000000000   -0.000000000
    4.704000000   -0.000000000   -0.000000000
    4.788000000   -0.000000000   -0.000000000
    4.872000000   -0.000000000   -0.000000000
    4.956000000   -0.000000000   -0.000000000
    5.040000000   -0.000000000   -0.000000000
    5.124000000   -0.000000000   -0.000000000
    5.208000000   -0.000000000   -0.000000000
    5.292000000   -0.000000000   -0.000000000
    5.376000000   -0.000000000   -0.000000000
    5.460000000   -0.000000000   -0.000000000
    5.544000000   -0.000000000   -0.000000000
    5.628000000   -0.000000000   -0.000000000
    5.712000000   -0.000000000   -0.000000000
    5.796000000   -0.000000000   -0.000000000
    5.880000000   -0.000000000   -0.000000000
    5.964000000   -0.000000000   -0.000000000
    6.048000000   -0.000000000   -0.000000000
    6.132000000   -0.000000000   -0.000000000
    6.216000000   -0.000000000   -0.000000000
    6.300000000   -0.000000000   -0.000000000
    6.384000000   -0.000000000   -0.000000000
    6.468000000   -0.000000000   -0.000000000
    6.552000000   -0.000000000   -0.000000000
    6.636000000   -0.000000000   -0.000000000
    6.720000000   -0.000000000   -0.000000000
    6.804000000   -0.000000000   -0.000000000
    6.888000000   -0.000000000   -0.000000000
    6.972000000   -0.000000000   -0.000000000
    7.056000000   -0.000000000   -0.000000000
    7.140000000   -0.000000000   -0.000000000
    7.224000000   -0.000000000   -0.000000000
    7.308000000   -0.000000000   -0.000000000
    7.392000000   -0.000000000   -0.000000000
    7.476000000   -0.000000000   -0.000000000
    7.560000000   -0.000000000   -0.000000000
    7.644000000   -0.000000000   -0.000000000
    7.728000000   -0.000000000   -0.000000000
    7.812000000   -0.000000000   -0.000000000
    7.896000000   -0.000000000   -0.000000000
    7.980000000   -0.000000000   -0.000000000
    8.064000000   -0.000000000   -0.000000000
    8.148000000   -0.000000000   -0.000000000
    8.232000000   -0.000000000   -0.000000000
    8.316000000   -0.000000000   -0.000000000
    8.400000000   -0.000000000   -0.000000000
