#! FIELDS p.x file.free der_p.x
#! SET min_p.x -8.4
#! SET max_p.x 8.4
#! SET nbins_p.x  201
#! SET periodic_p.x false
   -8.400000000   -0.000000000   -0.000000000
   -8.316000000   -0.000000000   -0.000000000
   -8.232000000   -0.000000000   -0.000000000
   -8.148000000   -0.000000000   -0.000000000
   -8.064000000   -0.000000000   -0.000000000
   -7.980000000   -0.000000000   -0.000000000
   -7.896000000   -0.000000000   -0.000000000
   -7.812000000   -0.000000000   -0.000000000
   -7.728000000   -0.000000000   -0.000000000
   -7.644000000   -0.000000000   -0.000000000
   -7.560000000   -0.000000000   -0.000000000
   -7.476000000   -0.000000000   -0.000000000
   -7.392000000   -0.000000000   -0.000000000
   -7.308000000   -0.000000000   -0.000000000
   -7.224000000   -0.000000000   -0.000000000
   -7.140000000   -0.000000000   -0.000000000
   -7.056000000   -0.000000000   -0.000000000
   -6.972000000   -0.000000000   -0.000000000
   -6.888000000   -0.000000000   -0.000000000
   -6.804000000   -0.000000000   -0.000000000
   -6.720000000   -0.000000000   -0.000000000
   -6.636000000   -0.000000000   -0.000000000
   -6.552000000   -0.000000000   -0.000000000
   -6.468000000   -0.000000000   -0.000000000
   -6.384000000   -0.000000000   -0.000000000
   -6.300000000   -0.000000000   -0.000000000
   -6.216000000   -0.000000000   -0.000000000
   -6.132000000   -0.000000000   -0.000000000
   -6.048000000   -0.000096467   -0.001437974
   -5.964000000   -0.000373733   -0.005174990
   -5.880000000   -0.001265365   -0.016235453
   -5.796000000   -0.003762371   -0.044504470
   -5.712000000   -0.009935048   -0.107226261
   -5.628000000   -0.024003981   -0.235866350
   -5.544000000   -0.052661665   -0.465867612
   -5.460000000   -0.106661186   -0.845174532
   -5.376000000   -0.200124455   -1.410098310
   -5.292000000   -0.349450223   -2.170586518
   -5.208000000   -0.569450166   -3.079870773
   -5.124000000   -0.868291791   -4.023403412
   -5.040000000   -1.242287338   -4.836534216
   -4.956000000   -1.672940774   -5.352038250
   -4.872000000   -2.131137997   -5.490420466
   -4.788000000   -2.586765149   -5.312204317
   -4.704000000   -3.020206635   -4.996057171
   -4.620000000   -3.428408709   -4.737842128
   -4.536000000   -3.821268102   -4.637091901
   -4.452000000   -4.211375303   -4.658494846
   -4.368000000   -4.604567925   -4.689151781
   -4.284000000   -4.996887865   -4.625893863
   -4.200000000   -5.378394806   -4.427844348
   -4.116000000   -5.737356885   -4.089492566
   -4.032000000   -6.061385409   -3.590284056
   -3.948000000   -6.334768006   -2.878702195
   -3.864000000   -6.538034667   -1.927818974
   -3.780000000   -6.653196817   -0.803155389
   -3.696000000   -6.672871616    0.299944358
   -3.612000000   -6.609087477    1.158911645
   -3.528000000   -6.489392748    1.609378440
   -3.444000000   -6.348497807    1.674037793
   -3.360000000   -6.212968905    1.521293959
   -3.276000000   -6.091932902    1.367300641
   -3.192000000   -5.977821084    1.369761616
   -3.108000000   -5.853903016    1.591040893
   -3.024000000   -5.703285551    2.000369780
   -2.940000000   -5.513332356    2.509630007
   -2.856000000   -5.279334860    3.025902658
   -2.772000000   -5.004251817    3.474137821
   -2.688000000   -4.697093439    3.793277854
   -2.604000000   -4.370185241    3.938153060
   -2.520000000   -4.038372018    3.921252429
   -2.436000000   -3.712452230    3.807207048
   -2.352000000   -3.396803336    3.698022694
   -2.268000000   -3.087826749    3.660882325
   -2.184000000   -2.779082718    3.680633147
   -2.100000000   -2.468959196    3.657308891
   -2.016000000   -2.167915707    3.448686025
   -1.932000000   -1.896700588    2.940921159
   -1.848000000   -1.681418131    2.126863179
   -1.764000000   -1.543275240    1.131370914
   -1.680000000   -1.489537472    0.153216729
   -1.596000000   -1.511193936   -0.641666048
   -1.512000000   -1.589158429   -1.175562185
   -1.428000000   -1.702016008   -1.489979483
   -1.344000000   -1.834990217   -1.671799653
   -1.260000000   -1.981137602   -1.814086859
   -1.176000000   -2.139579461   -1.972468448
   -1.092000000   -2.313696541   -2.196966873
   -1.008000000   -2.510267355   -2.496654377
   -0.924000000   -2.734757703   -2.856218157
   -0.840000000   -2.988833717   -3.170955126
   -0.756000000   -3.262242971   -3.292819614
   -0.672000000   -3.532091020   -3.065921466
   -0.588000000   -3.766741206   -2.464488942
   -0.504000000   -3.937655423   -1.582001027
   -0.420000000   -4.031015037   -0.658687293
   -0.336000000   -4.053929260    0.059242358
   -0.252000000   -4.031277545    0.412722079
   -0.168000000   -3.994514516    0.416964989
   -0.084000000   -3.965588947    0.251181162
    0.000000000   -3.948635158    0.179580423
    0.084000000   -3.927310071    0.379801516
    0.168000000   -3.876087742    0.864710143
    0.252000000   -3.776629818    1.503808977
    0.336000000   -3.623678826    2.100884670
    0.420000000   -3.425636948    2.571275416
    0.504000000   -3.192925028    2.951540631
    0.588000000   -2.929194377    3.318725190
    0.672000000   -2.633726887    3.694267672
    0.756000000   -2.309273587    4.002810413
    0.840000000   -1.966635800    4.096749902
    0.924000000   -1.627826390    3.916425943
    1.008000000   -1.314778769    3.488362151
    1.092000000   -1.043757953    2.938375007
    1.176000000   -0.819461704    2.390024439
    1.260000000   -0.638377249    1.932360381
    1.344000000   -0.491259855    1.572678945
    1.428000000   -0.370846606    1.304478892
    1.512000000   -0.270379156    1.073442139
    1.596000000   -0.188575991    0.869568188
    1.680000000   -0.123709807    0.666919725
    1.764000000   -0.075504065    0.475276483
    1.848000000   -0.042528690    0.311108106
    1.932000000   -0.021962043    0.185121388
    2.016000000   -0.010166827    0.096711874
    2.100000000   -0.004240604    0.045174928
    2.184000000   -0.001642054    0.019602908
    2.268000000   -0.000514266    0.006678447
    2.352000000   -0.000163275    0.002339793
    2.436000000   -0.000000000   -0.000000000
    2.520000000   -0.000000000   -0.000000000
    2.604000000   -0.000000000   -0.000000000
    2.688000000   -0.000000000   -0.000000000
    2.772000000   -0.000000000   -0.000000000
    2.856000000   -0.000000000   -0.000000000
    2.940000000   -0.000000000   -0.000000000
    3.024000000   -0.000000000   -0.000000000
    3.108000000   -0.000000000   -0.000000000
    3.192000000   -0.000000000   -0.000000000
    3.276000000   -0.000000000   -0.000000000
    3.360000000   -0.000000000   -0.000000000
    3.444000000   -0.000000000   -0.000000000
    3.528000000   -0.000000000   -0.000000000
    3.612000000   -0.000000000   -0.000000000
    3.696000000   -0.000000000   -0.000000000
    3.780000000   -0.000000000   -0.000000000
    3.864000000   -0.000000000   -0.000000000
    3.948000000   -0.000000000   -0.000000000
    4.032000000   -0.000000000   -0.000000000
    4.116000000   -0.000000000   -0.000000000
    4.200000000   -0.000000000   -0.000000000
    4.284000000   -0.000000000   -0.000000000
    4.368000000   -0.000000000   -0.000000000
    4.452000000   -0.000000000   -0.000000000
    4.536000000   -0.000000000   -0.000000000
    4.620000000   -0.000000000   -0.000000000
    4.704000000   -0.000000000   -0.000000000
    4.788000000   -0.000000000   -0.000000000
    4.872000000   -0.000000000   -0.000000000
    4.956000000   -0.000000000   -0.000000000
    5.040000000   -0.000000000   -0.000000000
    5.124000000   -0.000000000   -0.000000000
    5.208000000   -0.000000000   -0.000000000
    5.292000000   -0.000000000   -0.000000000
    5.376000000   -0.000000000   -0.000000000
    5.460000000   -0.000000000   -0.000000000
    5.544000000   -0.000000000   -0.000000000
    5.628000000   -0.000000000   -0.000000000
    5.712000000   -0.000000000   -0.000000000
    5.796000000   -0.000000000   -0.000000000
    5.880000000   -0.000000000   -0.000000000
    5.964000000   -0.000000000   -0.000000000
    6.048000000   -0.000000000   -0.000000000
    6.132000000   -0.000000000   -0.000000000
    6.216000000   -0.000000000   -0.000000000
    6.300000000   -0.000000000   -0.000000000
    6.384000000   -0.000000000   -0.000000000
    6.468000000   -0.000000000   -0.000000000
    6.552000000   -0.000000000   -0.000000000
    6.636000000   -0.000000000   -0.000000000
    6.720000000   -0.000000000   -0.000000000
    6.804000000   -0.000000000   -0.000000000
    6.888000000   -0.000000000   -0.000000000
    6.972000000   -0.000000000   -0.000000000
    7.056000000   -0.000000000   -0.000000000
    7.140000000   -0.000000000   -0.000000000
    7.224000000   -0.000000000   -0.000000000
    7.308000000   -0.000000000   -0.000000000
    7.392000000   -0.000000000   -0.000000000
    7.476000000   -0.000000000   -0.000000000
    7.560000000   -0.000000000   -0.000000000
    7.644000000   -0.000000000   -0.000000000
    7.728000000   -0.000000000   -0.000000000
    7.812000000   -0.000000000   -0.000000000
    7.896000000   -0.000000000   -0.000000000
    7.980000000   -0.000000000   -0.000000000
    8.064000000   -0.000000000   -0.000000000
    8.148000000   -0.000000000   -0.000000000
    8.232000000   -0.000000000   -0.000000000
    8.316000000   -0.000000000   -0.000000000
    8.400000000   -0.000000000   -0.000000000
