#! FIELDS p.x file.free der_p.x
#! SET min_p.x -8.4
#! SET max_p.x 8.4
#! SET nbins_p.x  201
#! SET periodic_p.x false
   -8.400000000   -0.000000000   -0.000000000
   -8.316000000   -0.000000000   -0.000000000
   -8.232000000   -0.000000000   -0.000000000
   -8.148000000   -0.000000000   -0.000000000
   -8.064000000   -0.000000000   -0.000000000
   -7.980000000   -0.000000000   -0.000000000
   -7.896000000   -0.000000000   -0.000000000
   -7.812000000   -0.000000000   -0.000000000
   -7.728000000   -0.000000000   -0.000000000
   -7.644000000   -0.000000000   -0.000000000
   -7.560000000   -0.000000000   -0.000000000
   -7.476000000   -0.000000000   -0.000000000
   -7.392000000   -0.000000000   -0.000000000
   -7.308000000   -0.000000000   -0.000000000
   -7.224000000   -0.000000000   -0.000000000
   -7.140000000   -0.000000000   -0.000000000
   -7.056000000   -0.000000000   -0.000000000
   -6.972000000   -0.000000000   -0.000000000
   -6.888000000   -0.000000000   -0.000000000
   -6.804000000   -0.000000000   -0.000000000
   -6.720000000   -0.000000000   -0.000000000
   -6.636000000   -0.000000000   -0.000000000
   -6.552000000   -0.000000000   -0.000000000
   -6.468000000   -0.000000000   -0.000000000
   -6.384000000   -0.000000000   -0.000000000
   -6.300000000   -0.000000000   -0.000000000
   -6.216000000   -0.000000000   -0.000000000
   -6.132000000   -0.000000000   -0.000000000
   -6.048000000   -0.000000000   -0.000000000
   -5.964000000   -0.000000000   -0.000000000
   -5.880000000   -0.000000000   -0.000000000
   -5.796000000   -0.000000000   -0.000000000
   -5.712000000   -0.000000000   -0.000000000
   -5.628000000   -0.000000000   -0.000000000
   -5.544000000   -0.000000000   -0.000000000
   -5.460000000   -0.000000000   -0.000000000
   -5.376000000   -0.000000000   -0.000000000
   -5.292000000   -0.000000000   -0.000000000
   -5.208000000   -0.000000000   -0.000000000
   -5.124000000   -0.000000000   -0.000000000
   -5.040000000   -0.000000000   -0.000000000
   -4.956000000   -0.000000000   -0.000000000
   -4.872000000   -0.000000000   -0.000000000
   -4.788000000   -0.000000000   -0.000000000
   -4.704000000   -0.000000000   -0.000000000
   -4.620000000   -0.000000000   -0.000000000
   -4.536000000   -0.000000000   -0.000000000
   -4.452000000   -0.000000000   -0.000000000
   -4.368000000   -0.000000000   -0.000000000
   -4.284000000   -0.000000000   -0.000000000
   -4.200000000   -0.000000000   -0.000000000
   -4.116000000   -0.000000000   -0.000000000
   -4.032000000   -0.000000000   -0.000000000
   -3.948000000   -0.000000000   -0.000000000
   -3.864000000   -0.000000000   -0.000000000
   -3.780000000   -0.000000000   -0.000000000
   -3.696000000   -0.000000000   -0.000000000
   -3.612000000   -0.000000000   -0.000000000
   -3.528000000   -0.000000000   -0.000000000
   -3.444000000   -0.000000000   -0.000000000
   -3.360000000   -0.000000000   -0.000000000
   -3.276000000   -0.000000000   -0.000000000
   -3.192000000   -0.000000000   -0.000000000
   -3.108000000   -0.000000000   -0.000000000
   -3.024000000   -0.000000000   -0.000000000
   -2.940000000   -0.000000000   -0.000000000
   -2.856000000   -0.000000000   -0.000000000
   -2.772000000   -0.000000000   -0.000000000
   -2.688000000   -0.000000000   -0.000000000
   -2.604000000   -0.000000000   -0.000000000
   -2.520000000   -0.000000000   -0.000000000
   -2.436000000   -0.000000000   -0.000000000
   -2.352000000   -0.000000000   -0.000000000
   -2.268000000   -0.000058017   -0.000895923
   -2.184000000   -0.000200628   -0.002828549
   -2.100000000   -0.000619725   -0.007904276
   -2.016000000   -0.001709925   -0.019511067
   -1.932000000   -0.004214293   -0.042423100
   -1.848000000   -0.009277742   -0.080924926
   -1.764000000   -0.018278914   -0.135167132
   -1.680000000   -0.032275551   -0.196751068
   -1.596000000   -0.051182400   -0.248161323
   -1.512000000   -0.073230983   -0.270234575
   -1.428000000   -0.095801592   -0.262028978
   -1.344000000   -0.117238557   -0.251629508
   -1.260000000   -0.139670367   -0.296398547
   -1.176000000   -0.170338401   -0.455112448
   -1.092000000   -0.220177854   -0.750102329
   -1.008000000   -0.299195051   -1.137589503
   -0.924000000   -0.411163524   -1.516432835
   -0.840000000   -0.550577602   -1.772949595
   -0.756000000   -0.703527196   -1.832324067
   -0.672000000   -0.852956499   -1.696481304
   -0.588000000   -0.985320054   -1.441044669
   -0.504000000   -1.094612845   -1.165819886
   -0.420000000   -1.182920629   -0.947857061
   -0.336000000   -1.255833521   -0.799786420
   -0.252000000   -1.317958846   -0.679534414
   -0.168000000   -1.369225249   -0.532495182
   -0.084000000   -1.405528713   -0.318860405
    0.000000000   -1.420476123   -0.022858164
    0.084000000   -1.406994234    0.357648197
    0.168000000   -1.358173506    0.811768810
    0.252000000   -1.269162690    1.308055114
    0.336000000   -1.139069949    1.773594917
    0.420000000   -0.974168562    2.117784388
    0.504000000   -0.788253749    2.267049282
    0.588000000   -0.599376621    2.190176125
    0.672000000   -0.425655204    1.916066794
    0.756000000   -0.280731462    1.520201494
    0.840000000   -0.170800372    1.089796525
    0.924000000   -0.095614634    0.709107935
    1.008000000   -0.048923052    0.415955531
    1.092000000   -0.022585546    0.216495179
    1.176000000   -0.009452482    0.101317723
    1.260000000   -0.003605670    0.042981632
    1.344000000   -0.001107731    0.014267575
    1.428000000   -0.000354893    0.005047026
    1.512000000   -0.000000000   -0.000000000
    1.596000000   -0.000000000   -0.000000000
    1.680000000   -0.000000000   -0.000000000
    1.764000000   -0.000000000   -0.000000000
    1.848000000   -0.000000000   -0.000000000
    1.932000000   -0.000000000   -0.000000000
    2.016000000   -0.000000000   -0.000000000
    2.100000000   -0.000000000   -0.000000000
    2.184000000   -0.000000000   -0.000000000
    2.268000000   -0.000000000   -0.000000000
    2.352000000   -0.000000000   -0.000000000
    2.436000000   -0.000000000   -0.000000000
    2.520000000   -0.000000000   -0.000000000
    2.604000000   -0.000000000   -0.000000000
    2.688000000   -0.000000000   -0.000000000
    2.772000000   -0.000000000   -0.000000000
    2.856000000   -0.000000000   -0.000000000
    2.940000000   -0.000000000   -0.000000000
    3.024000000   -0.000000000   -0.000000000
    3.108000000   -0.000000000   -0.000000000
    3.192000000   -0.000000000   -0.000000000
    3.276000000   -0.000000000   -0.000000000
    3.360000000   -0.000000000   -0.000000000
    3.444000000   -0.000000000   -0.000000000
    3.528000000   -0.000000000   -0.000000000
    3.612000000   -0.000000000   -0.000000000
    3.696000000   -0.000000000   -0.000000000
    3.780000000   -0.000000000   -0.000000000
    3.864000000   -0.000000000   -0.000000000
    3.948000000   -0.000000000   -0.000000000
    4.032000000   -0.000000000   -0.000000000
    4.116000000   -0.000000000   -0.000000000
    4.200000000   -0.000000000   -0.000000000
    4.284000000   -0.000000000   -0.000000000
    4.368000000   -0.000000000   -0.000000000
    4.452000000   -0.000000000   -0.000000000
    4.536000000   -0.000000000   -0.000000000
    4.620000000   -0.000000000   -0.000000000
    4.704000000   -0.000000000   -0.000000000
    4.788000000   -0.000000000   -0.000000000
    4.872000000   -0.000000000   -0.000000000
    4.956000000   -0.000000000   -0.000000000
    5.040000000   -0.000000000   -0.000000000
    5.124000000   -0.000000000   -0.000000000
    5.208000000   -0.000000000   -0.000000000
    5.292000000   -0.000000000   -0.000000000
    5.376000000   -0.000000000   -0.000000000
    5.460000000   -0.000000000   -0.000000000
    5.544000000   -0.000000000   -0.000000000
    5.628000000   -0.000000000   -0.000000000
    5.712000000   -0.000000000   -0.000000000
    5.796000000   -0.000000000   -0.000000000
    5.880000000   -0.000000000   -0.000000000
    5.964000000   -0.000000000   -0.000000000
    6.048000000   -0.000000000   -0.000000000
    6.132000000   -0.000000000   -0.000000000
    6.216000000   -0.000000000   -0.000000000
    6.300000000   -0.000000000   -0.000000000
    6.384000000   -0.000000000   -0.000000000
    6.468000000   -0.000000000   -0.000000000
    6.552000000   -0.000000000   -0.000000000
    6.636000000   -0.000000000   -0.000000000
    6.720000000   -0.000000000   -0.000000000
    6.804000000   -0.000000000   -0.000000000
    6.888000000   -0.000000000   -0.000000000
    6.972000000   -0.000000000   -0.000000000
    7.056000000   -0.000000000   -0.000000000
    7.140000000   -0.000000000   -0.000000000
    7.224000000   -0.000000000   -0.000000000
    7.308000000   -0.000000000   -0.000000000
    7.392000000   -0.000000000   -0.000000000
    7.476000000   -0.000000000   -0.000000000
    7.560000000   -0.000000000   -0.000000000
    7.644000000   -0.000000000   -0.000000000
    7.728000000   -0.000000000   -0.000000000
    7.812000000   -0.000000000   -0.000000000
    7.896000000   -0.000000000   -0.000000000
    7.980000000   -0.000000000   -0.000000000
    8.064000000   -0.000000000   -0.000000000
    8.148000000   -0.000000000   -0.000000000
    8.232000000   -0.000000000   -0.000000000
    8.316000000   -0.000000000   -0.000000000
    8.400000000   -0.000000000   -0.000000000
