#! FIELDS p.x file.free der_p.x
#! SET min_p.x -8.4
#! SET max_p.x 8.4
#! SET nbins_p.x  201
#! SET periodic_p.x false
   -8.400000000   -0.000000000   -0.000000000
   -8.316000000   -0.000000000   -0.000000000
   -8.232000000   -0.000000000   -0.000000000
   -8.148000000   -0.000051275   -0.000798349
   -8.064000000   -0.000179223   -0.002549616
   -7.980000000   -0.000559566   -0.007208299
   -7.896000000   -0.001560555   -0.018005597
   -7.812000000   -0.003966868   -0.040884713
   -7.728000000   -0.008933818   -0.080659370
   -7.644000000   -0.018097902   -0.140933298
   -7.560000000   -0.033102981   -0.218492075
   -7.476000000   -0.054971036   -0.301804387
   -7.392000000   -0.083496838   -0.374131025
   -7.308000000   -0.117083952   -0.420212497
   -7.224000000   -0.153151376   -0.431432899
   -7.140000000   -0.188457482   -0.401499502
   -7.056000000   -0.219316971   -0.324166527
   -6.972000000   -0.241485246   -0.195596754
   -6.888000000   -0.251404421   -0.035435415
   -6.804000000   -0.248025951    0.108177009
   -6.720000000   -0.235900709    0.160161084
   -6.636000000   -0.225864393    0.052977326
   -6.552000000   -0.232256814   -0.231629747
   -6.468000000   -0.269271566   -0.664700237
   -6.384000000   -0.346673501   -1.183586061
   -6.300000000   -0.469274940   -1.735382540
   -6.216000000   -0.638565379   -2.298168331
   -6.132000000   -0.855802114   -2.872809080
   -6.048000000   -1.122160111   -3.458566109
   -5.964000000   -1.436351560   -4.002958829
   -5.880000000   -1.791436056   -4.420921880
   -5.796000000   -2.172843495   -4.614061923
   -5.712000000   -2.560189144   -4.567166228
   -5.628000000   -2.936757037   -4.378194622
   -5.544000000   -3.297415150   -4.226661695
   -5.460000000   -3.654130395   -4.299287983
   -5.376000000   -4.028119628   -4.639167165
   -5.292000000   -4.438751978   -5.138049768
   -5.208000000   -4.890519302   -5.589738922
   -5.124000000   -5.373003269   -5.858309586
   -5.040000000   -5.871268992   -5.978202217
   -4.956000000   -6.378088836   -6.095029777
   -4.872000000   -6.898530682   -6.308846681
   -4.788000000   -7.439394230   -6.562778975
   -4.704000000   -7.996671464   -6.664255196
   -4.620000000   -8.550312890   -6.453846601
   -4.536000000   -9.072385406   -5.941916305
   -4.452000000   -9.544185492   -5.293779244
   -4.368000000   -9.964128363   -4.738626920
   -4.284000000  -10.345882286   -4.385420046
   -4.200000000  -10.705137085   -4.179932287
   -4.116000000  -11.047487014   -3.962489075
   -4.032000000  -11.364430391   -3.548679150
   -3.948000000  -11.634884410   -2.862730183
   -3.864000000  -11.837140060   -1.933364707
   -3.780000000  -11.956763275   -0.926858589
   -3.696000000  -11.996524115   -0.091443923
   -3.612000000  -11.980653715    0.388398932
   -3.528000000  -11.941654218    0.441434776
   -3.444000000  -11.910049331    0.275889684
   -3.360000000  -11.891157636    0.185366362
   -3.276000000  -11.867916628    0.407624981
   -3.192000000  -11.813177145    0.903597547
   -3.108000000  -11.712176996    1.441261779
   -3.024000000  -11.572294234    1.820859224
   -2.940000000  -11.409076918    2.014526042
   -2.856000000  -11.231253668    2.189320200
   -2.772000000  -11.033825104    2.496570234
   -2.688000000  -10.806758141    2.874161132
   -2.604000000  -10.552027645    3.113338189
   -2.520000000  -10.290147343    3.047159006
   -2.436000000  -10.045446735    2.722490744
   -2.352000000   -9.830241708    2.383281866
   -2.268000000   -9.636255893    2.259834525
   -2.184000000   -9.441593730    2.366068994
   -2.100000000   -9.233393477    2.542227686
   -2.016000000   -9.016470601    2.555687574
   -1.932000000   -8.810671413    2.273295343
   -1.848000000   -8.638429874    1.775688081
   -1.764000000   -8.510517440    1.236783033
   -1.680000000   -8.425193510    0.775019569
   -1.596000000   -8.377311568    0.333932534
   -1.512000000   -8.370205153   -0.200915663
   -1.428000000   -8.412323264   -0.832968423
   -1.344000000   -8.507023785   -1.420616847
   -1.260000000   -8.642411050   -1.784955580
   -1.176000000   -8.796169122   -1.864441569
   -1.092000000   -8.949248601   -1.800292269
   -1.008000000   -9.097931511   -1.782039583
   -0.924000000   -9.251067110   -1.895546969
   -0.840000000   -9.417499663   -2.071048022
   -0.756000000   -9.595433401   -2.171223800
   -0.672000000   -9.775210345   -2.091230507
   -0.588000000   -9.942516218   -1.906254161
   -0.504000000  -10.093578576   -1.720806898
   -0.420000000  -10.234851355   -1.684801227
   -0.336000000  -10.381623861   -1.856296015
   -0.252000000  -10.548855537   -2.160894279
   -0.168000000  -10.740352719   -2.406598610
   -0.084000000  -10.941769310   -2.336216798
    0.000000000  -11.119236246   -1.832013943
    0.084000000  -11.237977711   -0.975831474
    0.168000000  -11.277779317   -0.015264930
    0.252000000  -11.241708911    0.809516164
    0.336000000  -11.146204976    1.413700950
    0.420000000  -11.002885114    1.960617239
    0.504000000  -10.809218505    2.664499597
    0.588000000  -10.548151045    3.546963204
    0.672000000  -10.210890740    4.429039702
    0.756000000   -9.809046666    5.042824760
    0.840000000   -9.373507031    5.226020102
    0.924000000   -8.940135046    5.006739575
    1.008000000   -8.535062817    4.573239078
    1.092000000   -8.167604729    4.141171040
    1.176000000   -7.832414824    3.837451286
    1.260000000   -7.516632684    3.680886280
    1.344000000   -7.209165658    3.615983123
    1.428000000   -6.906023804    3.568970906
    1.512000000   -6.609444120    3.424380528
    1.596000000   -6.331293070    3.131976886
    1.680000000   -6.085810680    2.658935659
    1.764000000   -5.886530345    2.059492634
    1.848000000   -5.737605499    1.480127138
    1.932000000   -5.630551269    1.099313268
    2.016000000   -5.543064391    1.014765784
    2.100000000   -5.451713126    1.151260198
    2.184000000   -5.348844911    1.255758870
    2.268000000   -5.251207346    0.956621241
    2.352000000   -5.203944106    0.049449733
    2.436000000   -5.258390114   -1.443426611
    2.520000000   -5.450936058   -3.154888335
    2.604000000   -5.781014892   -4.628245008
    2.688000000   -6.210736706   -5.502113385
    2.772000000   -6.685357435   -5.702808427
    2.856000000   -7.156184139   -5.485920217
    2.940000000   -7.605613066   -5.243593224
    3.024000000   -8.045225696   -5.295876393
    3.108000000   -8.504717197   -5.705631945
    3.192000000   -9.008420241   -6.313349894
    3.276000000   -9.563374918   -6.872230120
    3.360000000  -10.157443052   -7.229136567
    3.444000000  -10.772739061   -7.396315058
    3.528000000  -11.397917324   -7.476208519
    3.612000000  -12.029755259   -7.580968896
    3.696000000  -12.671148802   -7.691244628
    3.780000000  -13.317025442   -7.653796538
    3.864000000  -13.947978395   -7.332359668
    3.948000000  -14.538579882   -6.700186696
    4.032000000  -15.069963888   -5.946828806
    4.116000000  -15.540799820   -5.303395286
    4.200000000  -15.965707556   -4.878816398
    4.284000000  -16.361686445   -4.551906826
    4.368000000  -16.726773008   -4.134136647
    4.452000000  -17.046829928   -3.458273196
    4.536000000  -17.299612240   -2.574169597
    4.620000000  -17.474716955   -1.633679467
    4.704000000  -17.575216849   -0.825533125
    4.788000000  -17.616073761   -0.193359527
    4.872000000  -17.606512474    0.386735859
    4.956000000  -17.541904025    1.151990190
    5.040000000  -17.399760014    2.252815743
    5.124000000  -17.152532340    3.615805305
    5.208000000  -16.788929504    4.975748237
    5.292000000  -16.322103465    6.016584625
    5.376000000  -15.787237210    6.581926987
    5.460000000  -15.223031034    6.751518805
    5.544000000  -14.653570385    6.772286421
    5.628000000  -14.078515685    6.884696675
    5.712000000  -13.482953032    7.284120041
    5.796000000  -12.841686917    7.958769013
    5.880000000  -12.137735141    8.764263614
    5.964000000  -11.369718594    9.411745226
    6.048000000  -10.562041445    9.678158800
    6.132000000   -9.752205485    9.465183317
    6.216000000   -8.976364230    8.902211351
    6.300000000   -8.253742711    8.271180788
    6.384000000   -7.578838777    7.784054102
    6.468000000   -6.934961398    7.520951127
    6.552000000   -6.305973300    7.413881875
    6.636000000   -5.683759348    7.370022691
    6.720000000   -5.065065742    7.311556605
    6.804000000   -4.452446594    7.221030365
    6.888000000   -3.851051700    7.021038174
    6.972000000   -3.274545925    6.626716030
    7.056000000   -2.741274422    5.993700178
    7.140000000   -2.268799009    5.215590355
    7.224000000   -1.862525409    4.450867883
    7.308000000   -1.514964405    3.832764663
    7.392000000   -1.211487137    3.381197591
    7.476000000   -0.941264609    3.032585322
    7.560000000   -0.700492155    2.677232287
    7.644000000   -0.492647436    2.247441863
    7.728000000   -0.323710729    1.750097181
    7.812000000   -0.197029908    1.247583883
    7.896000000   -0.110574642    0.811557795
    7.980000000   -0.057001900    0.480207575
    8.064000000   -0.026687175    0.254339793
    8.148000000   -0.011208195    0.119036296
    8.232000000   -0.004138092    0.048282221
    8.316000000   -0.001277499    0.016165520
    8.400000000   -0.000417276    0.005836339
