#! FIELDS p.x file.free der_p.x
#! SET min_p.x -8.4
#! SET max_p.x 8.4
#! SET nbins_p.x  201
#! SET periodic_p.x false
   -8.400000000   -0.000000000   -0.000000000
   -8.316000000   -0.000000000   -0.000000000
   -8.232000000   -0.000000000   -0.000000000
   -8.148000000   -0.000000000   -0.000000000
   -8.064000000   -0.000000000   -0.000000000
   -7.980000000   -0.000000000   -0.000000000
   -7.896000000   -0.000000000   -0.000000000
   -7.812000000   -0.000000000   -0.000000000
   -7.728000000   -0.000000000   -0.000000000
   -7.644000000   -0.000000000   -0.000000000
   -7.560000000   -0.000000000   -0.000000000
   -7.476000000   -0.000000000   -0.000000000
   -7.392000000   -0.000000000   -0.000000000
   -7.308000000   -0.000000000   -0.000000000
   -7.224000000   -0.000000000   -0.000000000
   -7.140000000   -0.000000000   -0.000000000
   -7.056000000   -0.000000000   -0.000000000
   -6.972000000   -0.000000000   -0.000000000
   -6.888000000   -0.000000000   -0.000000000
   -6.804000000   -0.000000000   -0.000000000
   -6.720000000   -0.000000000   -0.000000000
   -6.636000000   -0.000000000   -0.000000000
   -6.552000000   -0.000000000   -0.000000000
   -6.468000000   -0.000000000   -0.000000000
   -6.384000000   -0.000000000   -0.000000000
   -6.300000000   -0.000000000   -0.000000000
   -6.216000000   -0.000000000   -0.000000000
   -6.132000000   -0.000049572   -0.000773547
   -6.048000000   -0.000270242   -0.003916109
   -5.964000000   -0.000917872   -0.012203421
   -5.880000000   -0.002787321   -0.033848480
   -5.796000000   -0.007564834   -0.083398418
   -5.712000000   -0.018420940   -0.182620195
   -5.628000000   -0.040920070   -0.363424161
   -5.544000000   -0.082852095   -0.653573575
   -5.460000000   -0.154906041   -1.082429788
   -5.376000000   -0.269332116   -1.663808929
   -5.292000000   -0.439063326   -2.395532019
   -5.208000000   -0.675619301   -3.246621870
   -5.124000000   -0.986283323   -4.144738961
   -5.040000000   -1.370666112   -4.976116821
   -4.956000000   -1.816903459   -5.597682614
   -4.872000000   -2.302559573   -5.903813391
   -4.788000000   -2.799880738   -5.882338441
   -4.704000000   -3.284740140   -5.628861035
   -4.620000000   -3.743952186   -5.294485117
   -4.536000000   -4.176072776   -4.997985582
   -4.452000000   -4.586286224   -4.775137369
   -4.368000000   -4.980127966   -4.600587869
   -4.284000000   -5.360251499   -4.442027458
   -4.200000000   -5.727417874   -4.296250124
   -4.116000000   -6.083312154   -4.174995321
   -4.032000000   -6.429747982   -4.066641078
   -3.948000000   -6.765176781   -3.901980818
   -3.864000000   -7.080942013   -3.590276687
   -3.780000000   -7.362489564   -3.085100315
   -3.696000000   -7.594843656   -2.439690843
   -3.612000000   -7.770356333   -1.739857025
   -3.528000000   -7.887129787   -1.053543589
   -3.444000000   -7.945555719   -0.346059014
   -3.360000000   -7.941478136    0.448085739
   -3.276000000   -7.867144008    1.316749632
   -3.192000000   -7.720766228    2.135250521
   -3.108000000   -7.512576652    2.748823776
   -3.024000000   -7.264498012    3.094292713
   -2.940000000   -6.997307858    3.224282548
   -2.856000000   -6.723164992    3.268459764
   -2.772000000   -6.445940222    3.299963159
   -2.688000000   -6.168179620    3.279490125
   -2.604000000   -5.896616133    3.133374906
   -2.520000000   -5.643269466    2.867159384
   -2.436000000   -5.413674617    2.585558604
   -2.352000000   -5.203104077    2.422196355
   -2.268000000   -5.000357654    2.405874806
   -2.184000000   -4.797181502    2.397915991
   -2.100000000   -4.599553740    2.242101694
   -2.016000000   -4.424851216    1.863491862
   -1.932000000   -4.289594602    1.333833048
   -1.848000000   -4.199143612    0.818640813
   -1.764000000   -4.145879664    0.458313563
   -1.680000000   -4.115919643    0.255025163
   -1.596000000   -4.101245260    0.069105198
   -1.512000000   -4.107713776   -0.265950768
   -1.428000000   -4.151273517   -0.816491292
   -1.344000000   -4.247403855   -1.495970457
   -1.260000000   -4.399757199   -2.126899137
   -1.176000000   -4.597053057   -2.532357747
   -1.092000000   -4.817411965   -2.685263007
   -1.008000000   -5.042257265   -2.656322367
   -0.924000000   -5.261454390   -2.565729192
   -0.840000000   -5.473854917   -2.506708492
   -0.756000000   -5.683331243   -2.504447325
   -0.672000000   -5.893505732   -2.498581897
   -0.588000000   -6.101240479   -2.439353576
   -0.504000000   -6.297899221   -2.225001748
   -0.420000000   -6.468919287   -1.817250048
   -0.336000000   -6.597939956   -1.232624929
   -0.252000000   -6.672683377   -0.558974952
   -0.168000000   -6.690628362    0.108285433
   -0.084000000   -6.655786122    0.686766250
    0.000000000   -6.577737199    1.139914103
    0.084000000   -6.467001277    1.465842754
    0.168000000   -6.332708703    1.697168822
    0.252000000   -6.181129066    1.893496460
    0.336000000   -6.011727991    2.135668073
    0.420000000   -5.816468420    2.512503971
    0.504000000   -5.583381479    3.044260960
    0.588000000   -5.301883084    3.639319416
    0.672000000   -4.972415448    4.155054997
    0.756000000   -4.606524206    4.498751588
    0.840000000   -4.219656040    4.670852523
    0.924000000   -3.823295954    4.734444736
    1.008000000   -3.423597200    4.745328141
    1.092000000   -3.025162753    4.700782895
    1.176000000   -2.634685919    4.551394511
    1.260000000   -2.262596184    4.278476900
    1.344000000   -1.917770288    3.892664650
    1.428000000   -1.607911384    3.468324834
    1.512000000   -1.333687673    3.029503879
    1.596000000   -1.095764223    2.627108804
    1.680000000   -0.890165221    2.265031294
    1.764000000   -0.712583123    1.959842714
    1.848000000   -0.558217567    1.714570414
    1.932000000   -0.422737957    1.496940187
    2.016000000   -0.305492636    1.278489417
    2.100000000   -0.207656886    1.035771084
    2.184000000   -0.131325417    0.778855554
    2.268000000   -0.076207108    0.529268707
    2.352000000   -0.040475800    0.325730543
    2.436000000   -0.019385624    0.177371752
    2.520000000   -0.008536689    0.088612107
    2.604000000   -0.003319480    0.038333975
    2.688000000   -0.001105859    0.013989438
    2.772000000   -0.000294618    0.004023142
    2.856000000   -0.000000000   -0.000000000
    2.940000000   -0.000000000   -0.000000000
    3.024000000   -0.000000000   -0.000000000
    3.108000000   -0.000000000   -0.000000000
    3.192000000   -0.000000000   -0.000000000
    3.276000000   -0.000000000   -0.000000000
    3.360000000   -0.000000000   -0.000000000
    3.444000000   -0.000000000   -0.000000000
    3.528000000   -0.000000000   -0.000000000
    3.612000000   -0.000000000   -0.000000000
    3.696000000   -0.000000000   -0.000000000
    3.780000000   -0.000000000   -0.000000000
    3.864000000   -0.000000000   -0.000000000
    3.948000000   -0.000000000   -0.000000000
    4.032000000   -0.000000000   -0.000000000
    4.116000000   -0.000000000   -0.000000000
    4.200000000   -0.000000000   -0.000000000
    4.284000000   -0.000000000   -0.000000000
    4.368000000   -0.000000000   -0.000000000
    4.452000000   -0.000000000   -0.000000000
    4.536000000   -0.000000000   -0.000000000
    4.620000000   -0.000000000   -0.000000000
    4.704000000   -0.000000000   -0.000000000
    4.788000000   -0.000000000   -0.000000000
    4.872000000   -0.000000000   -0.000000000
    4.956000000   -0.000000000   -0.000000000
    5.040000000   -0.000000000   -0.000000000
    5.124000000   -0.000000000   -0.000000000
    5.208000000   -0.000000000   -0.000000000
    5.292000000   -0.000000000   -0.000000000
    5.376000000   -0.000000000   -0.000000000
    5.460000000   -0.000000000   -0.000000000
    5.544000000   -0.000000000   -0.000000000
    5.628000000   -0.000000000   -0.000000000
    5.712000000   -0.000000000   -0.000000000
    5.796000000   -0.000000000   -0.000000000
    5.880000000   -0.000000000   -0.000000000
    5.964000000   -0.000000000   -0.000000000
    6.048000000   -0.000000000   -0.000000000
    6.132000000   -0.000000000   -0.000000000
    6.216000000   -0.000000000   -0.000000000
    6.300000000   -0.000000000   -0.000000000
    6.384000000   -0.000000000   -0.000000000
    6.468000000   -0.000000000   -0.000000000
    6.552000000   -0.000000000   -0.000000000
    6.636000000   -0.000000000   -0.000000000
    6.720000000   -0.000000000   -0.000000000
    6.804000000   -0.000000000   -0.000000000
    6.888000000   -0.000000000   -0.000000000
    6.972000000   -0.000000000   -0.000000000
    7.056000000   -0.000000000   -0.000000000
    7.140000000   -0.000000000   -0.000000000
    7.224000000   -0.000000000   -0.000000000
    7.308000000   -0.000000000   -0.000000000
    7.392000000   -0.000000000   -0.000000000
    7.476000000   -0.000000000   -0.000000000
    7.560000000   -0.000000000   -0.000000000
    7.644000000   -0.000000000   -0.000000000
    7.728000000   -0.000000000   -0.000000000
    7.812000000   -0.000000000   -0.000000000
    7.896000000   -0.000000000   -0.000000000
    7.980000000   -0.000000000   -0.000000000
    8.064000000   -0.000000000   -0.000000000
    8.148000000   -0.000000000   -0.000000000
    8.232000000   -0.000000000   -0.000000000
    8.316000000   -0.000000000   -0.000000000
    8.400000000   -0.000000000   -0.000000000
