#! FIELDS p.x file.free der_p.x
#! SET min_p.x -8.4
#! SET max_p.x 8.4
#! SET nbins_p.x  201
#! SET periodic_p.x false
   -8.400000000   -0.000000000   -0.000000000
   -8.316000000   -0.000000000   -0.000000000
   -8.232000000   -0.000000000   -0.000000000
   -8.148000000   -0.000051275   -0.000798349
   -8.064000000   -0.000179223   -0.002549616
   -7.980000000   -0.000559566   -0.007208299
   -7.896000000   -0.001560555   -0.018005597
   -7.812000000   -0.003966868   -0.040884713
   -7.728000000   -0.008933818   -0.080659370
   -7.644000000   -0.018097902   -0.140933298
   -7.560000000   -0.033102981   -0.218492075
   -7.476000000   -0.054971036   -0.301804387
   -7.392000000   -0.083496838   -0.374131025
   -7.308000000   -0.117083952   -0.420212497
   -7.224000000   -0.153151376   -0.431432899
   -7.140000000   -0.188457482   -0.401499502
   -7.056000000   -0.219262882   -0.323327341
   -6.972000000   -0.241297059   -0.192929967
   -6.888000000   -0.250731949   -0.026618435
   -6.804000000   -0.246018059    0.132257815
   -6.720000000   -0.230646332    0.216892860
   -6.636000000   -0.213137040    0.177213120
   -6.552000000   -0.204539407    0.009794910
   -6.468000000   -0.213947644   -0.237221594
   -6.384000000   -0.244803922   -0.489131834
   -6.300000000   -0.294982501   -0.692917516
   -6.216000000   -0.359823012   -0.847426686
   -6.132000000   -0.437585032   -1.008630649
   -6.048000000   -0.532584883   -1.270565123
   -5.964000000   -0.656560922   -1.711788564
   -5.880000000   -0.826486088   -2.366613766
   -5.796000000   -1.058417284   -3.167227823
   -5.712000000   -1.359382081   -3.983113832
   -5.628000000   -1.724392111   -4.663448708
   -5.544000000   -2.136568099   -5.104658826
   -5.460000000   -2.576484867   -5.325709629
   -5.376000000   -3.027988513   -5.403217466
   -5.292000000   -3.483616988   -5.434076091
   -5.208000000   -3.941557951   -5.466790175
   -5.124000000   -4.403271410   -5.525871466
   -5.040000000   -4.872902038   -5.659896752
   -4.956000000   -5.358401677   -5.915977169
   -4.872000000   -5.870969911   -6.293869602
   -4.788000000   -6.417422812   -6.706948499
   -4.704000000   -6.994375815   -6.985922533
   -4.620000000   -7.584616346   -7.006054176
   -4.536000000   -8.163803381   -6.745781195
   -4.452000000   -8.712120213   -6.291369503
   -4.368000000   -9.219854438   -5.807354802
   -4.284000000   -9.689658106   -5.390742031
   -4.200000000  -10.127786855   -5.048116270
   -4.116000000  -10.537426374   -4.697127733
   -4.032000000  -10.912812947   -4.208819925
   -3.948000000  -11.237834118   -3.507640091
   -3.864000000  -11.494168426   -2.570596920
   -3.780000000  -11.665794829   -1.510240049
   -3.696000000  -11.749811000   -0.548180648
   -3.612000000  -11.764594403    0.128523358
   -3.528000000  -11.738722925    0.389095173
   -3.444000000  -11.704686666    0.370174206
   -3.360000000  -11.675411055    0.319649558
   -3.276000000  -11.642822120    0.482154096
   -3.192000000  -11.585710693    0.890688895
   -3.108000000  -11.487469434    1.411288349
   -3.024000000  -11.346242890    1.909539791
   -2.940000000  -11.165978804    2.348214097
   -2.856000000  -10.947765244    2.815079448
   -2.772000000  -10.687595145    3.345398616
   -2.688000000  -10.385473296    3.779712087
   -2.604000000  -10.059371929    3.874242411
   -2.520000000   -9.745802003    3.494835858
   -2.436000000   -9.479818811    2.775371651
   -2.352000000   -9.276354167    2.062603579
   -2.268000000   -9.121636266    1.672387798
   -2.184000000   -8.982721755    1.649400703
   -2.100000000   -8.835488648    1.824017938
   -2.016000000   -8.675877466    1.919539710
   -1.932000000   -8.518349323    1.764488227
   -1.848000000   -8.382527368    1.420572668
   -1.764000000   -8.277026185    1.062021587
   -1.680000000   -8.197790217    0.811327183
   -1.596000000   -8.137007976    0.609521398
   -1.512000000   -8.096166955    0.327962155
   -1.428000000   -8.083690866   -0.065666756
   -1.344000000   -8.105675144   -0.466426567
   -1.260000000   -8.156280756   -0.738495130
   -1.176000000   -8.222271056   -0.842898519
   -1.092000000   -8.294914324   -0.925793123
   -1.008000000   -8.380198831   -1.162133155
   -0.924000000   -8.494591975   -1.597672017
   -0.840000000   -8.650273564   -2.109282387
   -0.756000000   -8.843720669   -2.487405207
   -0.672000000   -9.057547297   -2.563145768
   -0.588000000   -9.265697020   -2.383122347
   -0.504000000   -9.452316240   -2.074725888
   -0.420000000   -9.615900177   -1.860011359
   -0.336000000   -9.770222518   -1.870700476
   -0.252000000   -9.933663640   -2.063941256
   -0.168000000  -10.113414619   -2.215970995
   -0.084000000  -10.293023104   -1.993050982
    0.000000000  -10.431382022   -1.224964992
    0.084000000  -10.485120969   -0.025199352
    0.168000000  -10.431643642    1.243185891
    0.252000000  -10.282048577    2.221744325
    0.336000000  -10.068714484    2.774349519
    0.420000000   -9.819891669    3.087246452
    0.504000000   -9.545530346    3.447305462
    0.588000000   -9.234333764    3.957599312
    0.672000000   -8.877167807    4.499275143
    0.756000000   -8.481261509    4.853720480
    0.840000000   -8.068721870    4.895462223
    0.924000000   -7.663773902    4.684947946
    1.008000000   -7.279515268    4.425742268
    1.092000000   -6.911788892    4.315869946
    1.176000000   -6.544749151    4.427990452
    1.260000000   -6.162222190    4.676477278
    1.344000000   -5.758475496    4.882172800
    1.428000000   -5.345174544    4.887363103
    1.512000000   -4.944268016    4.555507216
    1.596000000   -4.585715670    3.896269005
    1.680000000   -4.294855087    2.978089363
    1.764000000   -4.087825104    1.929447559
    1.848000000   -3.967319845    0.944778026
    1.932000000   -3.920453234    0.210078730
    2.016000000   -3.920631340   -0.165943437
    2.100000000   -3.937976931   -0.231599387
    2.184000000   -3.955431600   -0.202054559
    2.268000000   -3.977671935   -0.411255471
    2.352000000   -4.035806106   -1.060555938
    2.436000000   -4.168193929   -2.164830533
    2.520000000   -4.402629762   -3.422568391
    2.604000000   -4.737274966   -4.473248790
    2.688000000   -5.140690851   -5.055267410
    2.772000000   -5.571993979   -5.147189534
    2.856000000   -5.998716542   -5.010352436
    2.940000000   -6.416788740   -4.982446550
    3.024000000   -6.845612279   -5.297489716
    3.108000000   -7.315748509   -5.944266027
    3.192000000   -7.847499603   -6.733067477
    3.276000000   -8.442868835   -7.402520985
    3.360000000   -9.083964799   -7.802287311
    3.444000000   -9.746429564   -7.929426126
    3.528000000  -10.410882736   -7.858492359
    3.612000000  -11.063979806   -7.679421193
    3.696000000  -11.697754542   -7.389127486
    3.780000000  -12.299094567   -6.891731632
    3.864000000  -12.847779723   -6.139986466
    3.948000000  -13.325794449   -5.246180002
    4.032000000  -13.733484925   -4.507250341
    4.116000000  -14.095231054   -4.199935599
    4.200000000  -14.451605377   -4.378020376
    4.284000000  -14.835777208   -4.774491583
    4.368000000  -15.247580919   -4.994902750
    4.452000000  -15.658212245   -4.695415388
    4.536000000  -16.018589305   -3.835424588
    4.620000000  -16.288163813   -2.569706493
    4.704000000  -16.444536712   -1.184032744
    4.788000000  -16.488221581    0.093006123
    4.872000000  -16.431706121    1.178625850
    4.956000000  -16.290718942    2.112283062
    5.040000000  -16.076216063    2.945304340
    5.124000000  -15.796184475    3.660595043
    5.208000000  -15.463542988    4.189083934
    5.292000000  -15.096247760    4.474651270
    5.376000000  -14.713830900    4.553355921
    5.460000000  -14.328584780    4.576049368
    5.544000000  -13.937621014    4.741863463
    5.628000000  -13.520356728    5.188123042
    5.712000000  -13.050056013    6.006361647
    5.796000000  -12.497963896    7.110598597
    5.880000000  -11.849284468    8.281445998
    5.964000000  -11.110915223    9.166563466
    6.048000000  -10.319831285    9.510759668
    6.132000000   -9.526332986    9.234389558
    6.216000000   -8.775421697    8.540862978
    6.300000000   -8.088246320    7.802282611
    6.384000000   -7.454716067    7.286834746
    6.468000000   -6.850821220    7.078539351
    6.552000000   -6.254771847    7.079516674
    6.636000000   -5.655789358    7.151132196
    6.720000000   -5.051351194    7.186168764
    6.804000000   -4.446426306    7.158055880
    6.888000000   -3.848685971    6.993172124
    6.972000000   -3.273713802    6.615816234
    7.056000000   -2.741077718    5.990922543
    7.140000000   -2.268799009    5.215590355
    7.224000000   -1.862525409    4.450867883
    7.308000000   -1.514964405    3.832764663
    7.392000000   -1.211487137    3.381197591
    7.476000000   -0.941264609    3.032585322
    7.560000000   -0.700492155    2.677232287
    7.644000000   -0.492647436    2.247441863
    7.728000000   -0.323710729    1.750097181
    7.812000000   -0.197029908    1.247583883
    7.896000000   -0.110574642    0.811557795
    7.980000000   -0.057001900    0.480207575
    8.064000000   -0.026687175    0.254339793
    8.148000000   -0.011208195    0.119036296
    8.232000000   -0.004138092    0.048282221
    8.316000000   -0.001277499    0.016165520
    8.400000000   -0.000417276    0.005836339
