#! FIELDS p.x file.free der_p.x
#! SET min_p.x -8.4
#! SET max_p.x 8.4
#! SET nbins_p.x  201
#! SET periodic_p.x false
   -8.400000000   -0.004212792   -0.046135691
   -8.316000000   -0.010044459   -0.097070875
   -8.232000000   -0.021421110   -0.179289779
   -8.148000000   -0.041047373   -0.291355552
   -8.064000000   -0.070676686   -0.413088291
   -7.980000000   -0.109739786   -0.508571389
   -7.896000000   -0.154264037   -0.538049080
   -7.812000000   -0.197829011   -0.485073415
   -7.728000000   -0.234015138   -0.370026784
   -7.644000000   -0.259747800   -0.246251504
   -7.560000000   -0.276766282   -0.169063593
   -7.476000000   -0.290310422   -0.163712647
   -7.392000000   -0.305932119   -0.215122725
   -7.308000000   -0.327210658   -0.291168699
   -7.224000000   -0.354858479   -0.363356391
   -7.140000000   -0.387896623   -0.420587693
   -7.056000000   -0.425554385   -0.472266725
   -6.972000000   -0.467514768   -0.528547033
   -6.888000000   -0.515341004   -0.611885296
   -6.804000000   -0.571745967   -0.741862323
   -6.720000000   -0.641716420   -0.937232484
   -6.636000000   -0.731562475   -1.211282954
   -6.552000000   -0.847785626   -1.565679064
   -6.468000000   -0.997041006   -1.991789591
   -6.384000000   -1.184245190   -2.467354050
   -6.300000000   -1.412502739   -2.960733617
   -6.216000000   -1.681642733   -3.443633750
   -6.132000000   -1.990456888   -3.900207273
   -6.048000000   -2.336868403   -4.337874948
   -5.964000000   -2.719215132   -4.754308263
   -5.880000000   -3.135310072   -5.142240550
   -5.796000000   -3.580981285   -5.445976997
   -5.712000000   -4.046719210   -5.607120178
   -5.628000000   -4.518319902   -5.577641270
   -5.544000000   -4.978908397   -5.356276951
   -5.460000000   -5.416007937   -5.025313331
   -5.376000000   -5.824036487   -4.699009790
   -5.292000000   -6.209240005   -4.490093922
   -5.208000000   -6.583805721   -4.451976351
   -5.124000000   -6.962895041   -4.604503143
   -5.040000000   -7.363404105   -4.954205224
   -4.956000000   -7.801475040   -5.505898414
   -4.872000000   -8.291938782   -6.178771160
   -4.788000000   -8.837507583   -6.782349984
   -4.704000000   -9.422438305   -7.078526244
   -4.620000000  -10.014903369   -6.952149596
   -4.536000000  -10.581415729   -6.509946751
   -4.452000000  -11.105628890   -5.989887266
   -4.368000000  -11.591323113   -5.622142676
   -4.284000000  -12.053976737   -5.417651494
   -4.200000000  -12.502480294   -5.253863879
   -4.116000000  -12.933269317   -4.984264110
   -4.032000000  -13.333758737   -4.536324099
   -3.948000000  -13.689896359   -3.950092414
   -3.864000000  -13.993470691   -3.276650021
   -3.780000000  -14.239031806   -2.574963131
   -3.696000000  -14.425403840   -1.896552115
   -3.612000000  -14.556677706   -1.247455611
   -3.528000000  -14.634349150   -0.650619201
   -3.444000000  -14.661808881   -0.015930852
   -3.360000000  -14.633208657    0.682576687
   -3.276000000  -14.543644059    1.424280102
   -3.192000000  -14.395077934    2.047359242
   -3.108000000  -14.203008807    2.423816955
   -3.024000000  -13.989795659    2.594072962
   -2.940000000  -13.764872906    2.745978542
   -2.856000000  -13.518938062    3.113245945
   -2.772000000  -13.230689948    3.728961592
   -2.688000000  -12.888992951    4.330072717
   -2.604000000  -12.510548829    4.547079246
   -2.520000000  -12.139231958    4.170738759
   -2.436000000  -11.820685865    3.312664173
   -2.352000000  -11.581479716    2.345386300
   -2.268000000  -11.416998171    1.597420901
   -2.184000000  -11.302146319    1.143550592
   -2.100000000  -11.215589146    0.897484422
   -2.016000000  -11.146855966    0.706211207
   -1.932000000  -11.094027305    0.523403394
   -1.848000000  -11.053782939    0.418183845
   -1.764000000  -11.017098895    0.432939598
   -1.680000000  -10.976257647    0.489559732
   -1.596000000  -10.936866116    0.372793353
   -1.512000000  -10.921823701   -0.088459923
   -1.428000000  -10.958068814   -0.832839593
   -1.344000000  -11.059400202   -1.576115593
   -1.260000000  -11.212054521   -2.029998652
   -1.176000000  -11.385528558   -2.068577813
   -1.092000000  -11.550657375   -1.871211604
   -1.008000000  -11.698035124   -1.685882023
   -0.924000000  -11.835611605   -1.633530427
   -0.840000000  -11.972924496   -1.648316269
   -0.756000000  -12.108688451   -1.606348249
   -0.672000000  -12.236409044   -1.435784978
   -0.588000000  -12.348280265   -1.268156090
   -0.504000000  -12.449686662   -1.193236434
   -0.420000000  -12.550532394   -1.238480643
   -0.336000000  -12.656690388   -1.293981260
   -0.252000000  -12.761513138   -1.203832595
   -0.168000000  -12.847844913   -0.848613022
   -0.084000000  -12.892879419   -0.207609833
    0.000000000  -12.875802966    0.605406221
    0.084000000  -12.790596852    1.370689602
    0.168000000  -12.650328341    1.861289864
    0.252000000  -12.484035892    2.003930915
    0.336000000  -12.317429964    1.920645204
    0.420000000  -12.154194867    1.959774282
    0.504000000  -11.971877122    2.446097473
    0.588000000  -11.728194595    3.392443579
    0.672000000  -11.393762117    4.526084156
    0.756000000  -10.970168334    5.449516328
    0.840000000  -10.489538305    5.860962946
    0.924000000   -9.998907805    5.691703780
    1.008000000   -9.541115507    5.110070619
    1.092000000   -9.139988881    4.388300515
    1.176000000   -8.796860565    3.786894609
    1.260000000   -8.493138234    3.476349466
    1.344000000   -8.201043087    3.497047324
    1.428000000   -7.895795071    3.764585944
    1.512000000   -7.564339822    4.062386965
    1.596000000   -7.213920554    4.191265283
    1.680000000   -6.866055872    4.006374164
    1.764000000   -6.547729108    3.517705728
    1.848000000   -6.276735088    2.898910612
    1.932000000   -6.054960397    2.400547723
    2.016000000   -5.864486145    2.161734809
    2.100000000   -5.683892220    2.125233778
    2.184000000   -5.506871401    2.041228783
    2.268000000   -5.351255795    1.545613646
    2.352000000   -5.262176097    0.452241833
    2.436000000   -5.289394704   -1.193589341
    2.520000000   -5.465747389   -3.018566455
    2.604000000   -5.787376480   -4.562185126
    2.688000000   -6.213252479   -5.472668736
    2.772000000   -6.686247889   -5.691210436
    2.856000000   -7.156393872   -5.482973882
    2.940000000   -7.605613066   -5.243593224
    3.024000000   -8.045225696   -5.295876393
    3.108000000   -8.504717197   -5.705631945
    3.192000000   -9.008420241   -6.313349894
    3.276000000   -9.563374918   -6.872230120
    3.360000000  -10.157443052   -7.229136567
    3.444000000  -10.772739061   -7.396315058
    3.528000000  -11.397917324   -7.476208519
    3.612000000  -12.029755259   -7.580968896
    3.696000000  -12.671148802   -7.691244628
    3.780000000  -13.317025442   -7.653796538
    3.864000000  -13.947978395   -7.332359668
    3.948000000  -14.538579882   -6.700186696
    4.032000000  -15.069963888   -5.946828806
    4.116000000  -15.540799820   -5.303395286
    4.200000000  -15.965707556   -4.878816398
    4.284000000  -16.361686445   -4.551906826
    4.368000000  -16.726773008   -4.134136647
    4.452000000  -17.046829928   -3.458273196
    4.536000000  -17.299612240   -2.574169597
    4.620000000  -17.474716955   -1.633679467
    4.704000000  -17.575216849   -0.825533125
    4.788000000  -17.616073761   -0.193359527
    4.872000000  -17.606512474    0.386735859
    4.956000000  -17.541904025    1.151990190
    5.040000000  -17.399760014    2.252815743
    5.124000000  -17.152532340    3.615805305
    5.208000000  -16.788929504    4.975748237
    5.292000000  -16.322103465    6.016584625
    5.376000000  -15.787237210    6.581926987
    5.460000000  -15.223031034    6.751518805
    5.544000000  -14.653570385    6.772286421
    5.628000000  -14.078515685    6.884696675
    5.712000000  -13.482953032    7.284120041
    5.796000000  -12.841686917    7.958769013
    5.880000000  -12.137735141    8.764263614
    5.964000000  -11.369718594    9.411745226
    6.048000000  -10.562041445    9.678158800
    6.132000000   -9.752205485    9.465183317
    6.216000000   -8.976364230    8.902211351
    6.300000000   -8.253742711    8.271180788
    6.384000000   -7.578838777    7.784054102
    6.468000000   -6.934961398    7.520951127
    6.552000000   -6.305973300    7.413881875
    6.636000000   -5.683759348    7.370022691
    6.720000000   -5.065065742    7.311556605
    6.804000000   -4.452446594    7.221030365
    6.888000000   -3.851051700    7.021038174
    6.972000000   -3.274545925    6.626716030
    7.056000000   -2.741274422    5.993700178
    7.140000000   -2.268799009    5.215590355
    7.224000000   -1.862525409    4.450867883
    7.308000000   -1.514964405    3.832764663
    7.392000000   -1.211487137    3.381197591
    7.476000000   -0.941264609    3.032585322
    7.560000000   -0.700492155    2.677232287
    7.644000000   -0.492647436    2.247441863
    7.728000000   -0.323710729    1.750097181
    7.812000000   -0.197029908    1.247583883
    7.896000000   -0.110574642    0.811557795
    7.980000000   -0.057001900    0.480207575
    8.064000000   -0.026687175    0.254339793
    8.148000000   -0.011208195    0.119036296
    8.232000000   -0.004138092    0.048282221
    8.316000000   -0.001277499    0.016165520
    8.400000000   -0.000417276    0.005836339
