#! FIELDS p.x file.free der_p.x
#! SET min_p.x -8.4
#! SET max_p.x 8.4
#! SET nbins_p.x  201
#! SET periodic_p.x false
   -8.400000000   -0.000000000   -0.000000000
   -8.316000000   -0.000000000   -0.000000000
   -8.232000000   -0.000000000   -0.000000000
   -8.148000000   -0.000000000   -0.000000000
   -8.064000000   -0.000000000   -0.000000000
   -7.980000000   -0.000000000   -0.000000000
   -7.896000000   -0.000000000   -0.000000000
   -7.812000000   -0.000000000   -0.000000000
   -7.728000000   -0.000000000   -0.000000000
   -7.644000000   -0.000000000   -0.000000000
   -7.560000000   -0.000000000   -0.000000000
   -7.476000000   -0.000000000   -0.000000000
   -7.392000000   -0.000000000   -0.000000000
   -7.308000000   -0.000000000   -0.000000000
   -7.224000000   -0.000000000   -0.000000000
   -7.140000000   -0.000000000   -0.000000000
   -7.056000000   -0.000000000   -0.000000000
   -6.972000000   -0.000000000   -0.000000000
   -6.888000000   -0.000000000   -0.000000000
   -6.804000000   -0.000000000   -0.000000000
   -6.720000000   -0.000000000   -0.000000000
   -6.636000000   -0.000000000   -0.000000000
   -6.552000000   -0.000000000   -0.000000000
   -6.468000000   -0.000000000   -0.000000000
   -6.384000000   -0.000000000   -0.000000000
   -6.300000000   -0.000000000   -0.000000000
   -6.216000000   -0.000000000   -0.000000000
   -6.132000000   -0.000000000   -0.000000000
   -6.048000000   -0.000000000   -0.000000000
   -5.964000000   -0.000000000   -0.000000000
   -5.880000000   -0.000000000   -0.000000000
   -5.796000000   -0.000000000   -0.000000000
   -5.712000000   -0.000000000   -0.000000000
   -5.628000000   -0.000000000   -0.000000000
   -5.544000000   -0.000000000   -0.000000000
   -5.460000000   -0.000000000   -0.000000000
   -5.376000000   -0.000000000   -0.000000000
   -5.292000000   -0.000000000   -0.000000000
   -5.208000000   -0.000000000   -0.000000000
   -5.124000000   -0.000000000   -0.000000000
   -5.040000000   -0.000000000   -0.000000000
   -4.956000000   -0.000000000   -0.000000000
   -4.872000000   -0.000000000   -0.000000000
   -4.788000000   -0.000000000   -0.000000000
   -4.704000000   -0.000000000   -0.000000000
   -4.620000000   -0.000000000   -0.000000000
   -4.536000000   -0.000000000   -0.000000000
   -4.452000000   -0.000000000   -0.000000000
   -4.368000000   -0.000000000   -0.000000000
   -4.284000000   -0.000000000   -0.000000000
   -4.200000000   -0.000000000   -0.000000000
   -4.116000000   -0.000000000   -0.000000000
   -4.032000000   -0.000000000   -0.000000000
   -3.948000000   -0.000000000   -0.000000000
   -3.864000000   -0.000000000   -0.000000000
   -3.780000000   -0.000000000   -0.000000000
   -3.696000000   -0.000000000   -0.000000000
   -3.612000000   -0.000000000   -0.000000000
   -3.528000000   -0.000000000   -0.000000000
   -3.444000000   -0.000000000   -0.000000000
   -3.360000000   -0.000000000   -0.000000000
   -3.276000000   -0.000000000   -0.000000000
   -3.192000000   -0.000000000   -0.000000000
   -3.108000000   -0.000000000   -0.000000000
   -3.024000000   -0.000000000   -0.000000000
   -2.940000000   -0.000000000   -0.000000000
   -2.856000000   -0.000000000   -0.000000000
   -2.772000000   -0.000000000   -0.000000000
   -2.688000000   -0.000000000   -0.000000000
   -2.604000000   -0.000000000   -0.000000000
   -2.520000000   -0.000000000   -0.000000000
   -2.436000000   -0.000000000   -0.000000000
   -2.352000000   -0.000000000   -0.000000000
   -2.268000000   -0.000000000   -0.000000000
   -2.184000000   -0.000000000   -0.000000000
   -2.100000000   -0.000000000   -0.000000000
   -2.016000000   -0.000000000   -0.000000000
   -1.932000000   -0.000000000   -0.000000000
   -1.848000000   -0.000000000   -0.000000000
   -1.764000000   -0.000034507   -0.000551131
   -1.680000000   -0.000124752   -0.001824846
   -1.596000000   -0.000402870   -0.005351621
   -1.512000000   -0.001201584   -0.014500398
   -1.428000000   -0.003135444   -0.033772108
   -1.344000000   -0.007393816   -0.070486697
   -1.260000000   -0.015633525   -0.129769939
   -1.176000000   -0.029947693   -0.213654944
   -1.092000000   -0.052005156   -0.312964544
   -1.008000000   -0.082600229   -0.412599332
   -0.924000000   -0.120833099   -0.492536328
   -0.840000000   -0.164419363   -0.539109435
   -0.756000000   -0.210371749   -0.549090098
   -0.672000000   -0.255824725   -0.527343094
   -0.588000000   -0.298215302   -0.477568802
   -0.504000000   -0.335327777   -0.401743233
   -0.420000000   -0.364999806   -0.300752333
   -0.336000000   -0.385267135   -0.178957783
   -0.252000000   -0.394723253   -0.045005217
   -0.168000000   -0.392763217    0.091351643
   -0.084000000   -0.379521300    0.222625126
    0.000000000   -0.355641367    0.343932628
    0.084000000   -0.322151043    0.450478136
    0.168000000   -0.280490725    0.533239655
    0.252000000   -0.233243565    0.584915856
    0.336000000   -0.183500621    0.591220058
    0.420000000   -0.135243007    0.546452105
    0.504000000   -0.092675188    0.461043413
    0.588000000   -0.058422134    0.349882022
    0.672000000   -0.033739075    0.239350258
    0.756000000   -0.017677718    0.145702634
    0.840000000   -0.008407690    0.079520150
    0.924000000   -0.003575198    0.038111058
    1.008000000   -0.001314105    0.015472125
    1.092000000   -0.000461950    0.006059807
    1.176000000   -0.000145054    0.002097754
    1.260000000   -0.000000000   -0.000000000
    1.344000000   -0.000000000   -0.000000000
    1.428000000   -0.000000000   -0.000000000
    1.512000000   -0.000000000   -0.000000000
    1.596000000   -0.000000000   -0.000000000
    1.680000000   -0.000000000   -0.000000000
    1.764000000   -0.000000000   -0.000000000
    1.848000000   -0.000000000   -0.000000000
    1.932000000   -0.000000000   -0.000000000
    2.016000000   -0.000000000   -0.000000000
    2.100000000   -0.000000000   -0.000000000
    2.184000000   -0.000000000   -0.000000000
    2.268000000   -0.000000000   -0.000000000
    2.352000000   -0.000000000   -0.000000000
    2.436000000   -0.000000000   -0.000000000
    2.520000000   -0.000000000   -0.000000000
    2.604000000   -0.000000000   -0.000000000
    2.688000000   -0.000000000   -0.000000000
    2.772000000   -0.000000000   -0.000000000
    2.856000000   -0.000000000   -0.000000000
    2.940000000   -0.000000000   -0.000000000
    3.024000000   -0.000000000   -0.000000000
    3.108000000   -0.000000000   -0.000000000
    3.192000000   -0.000000000   -0.000000000
    3.276000000   -0.000000000   -0.000000000
    3.360000000   -0.000000000   -0.000000000
    3.444000000   -0.000000000   -0.000000000
    3.528000000   -0.000000000   -0.000000000
    3.612000000   -0.000000000   -0.000000000
    3.696000000   -0.000000000   -0.000000000
    3.780000000   -0.000000000   -0.000000000
    3.864000000   -0.000000000   -0.000000000
    3.948000000   -0.000000000   -0.000000000
    4.032000000   -0.000000000   -0.000000000
    4.116000000   -0.000000000   -0.000000000
    4.200000000   -0.000000000   -0.000000000
    4.284000000   -0.000000000   -0.000000000
    4.368000000   -0.000000000   -0.000000000
    4.452000000   -0.000000000   -0.000000000
    4.536000000   -0.000000000   -0.000000000
    4.620000000   -0.000000000   -0.000000000
    4.704000000   -0.000000000   -0.000000000
    4.788000000   -0.000000000   -0.000000000
    4.872000000   -0.000000000   -0.000000000
    4.956000000   -0.000000000   -0.000000000
    5.040000000   -0.000000000   -0.000000000
    5.124000000   -0.000000000   -0.000000000
    5.208000000   -0.000000000   -0.000000000
    5.292000000   -0.000000000   -0.000000000
    5.376000000   -0.000000000   -0.000000000
    5.460000000   -0.000000000   -0.000000000
    5.544000000   -0.000000000   -0.000000000
    5.628000000   -0.000000000   -0.000000000
    5.712000000   -0.000000000   -0.000000000
    5.796000000   -0.000000000   -0.000000000
    5.880000000   -0.000000000   -0.000000000
    5.964000000   -0.000000000   -0.000000000
    6.048000000   -0.000000000   -0.000000000
    6.132000000   -0.000000000   -0.000000000
    6.216000000   -0.000000000   -0.000000000
    6.300000000   -0.000000000   -0.000000000
    6.384000000   -0.000000000   -0.000000000
    6.468000000   -0.000000000   -0.000000000
    6.552000000   -0.000000000   -0.000000000
    6.636000000   -0.000000000   -0.000000000
    6.720000000   -0.000000000   -0.000000000
    6.804000000   -0.000000000   -0.000000000
    6.888000000   -0.000000000   -0.000000000
    6.972000000   -0.000000000   -0.000000000
    7.056000000   -0.000000000   -0.000000000
    7.140000000   -0.000000000   -0.000000000
    7.224000000   -0.000000000   -0.000000000
    7.308000000   -0.000000000   -0.000000000
    7.392000000   -0.000000000   -0.000000000
    7.476000000   -0.000000000   -0.000000000
    7.560000000   -0.000000000   -0.000000000
    7.644000000   -0.000000000   -0.000000000
    7.728000000   -0.000000000   -0.000000000
    7.812000000   -0.000000000   -0.000000000
    7.896000000   -0.000000000   -0.000000000
    7.980000000   -0.000000000   -0.000000000
    8.064000000   -0.000000000   -0.000000000
    8.148000000   -0.000000000   -0.000000000
    8.232000000   -0.000000000   -0.000000000
    8.316000000   -0.000000000   -0.000000000
    8.400000000   -0.000000000   -0.000000000
