#! FIELDS p.x file.free der_p.x
#! SET min_p.x -8.4
#! SET max_p.x 8.4
#! SET nbins_p.x  201
#! SET periodic_p.x false
   -8.400000000   -0.000000000   -0.000000000
   -8.316000000   -0.000000000   -0.000000000
   -8.232000000   -0.000000000   -0.000000000
   -8.148000000   -0.000000000   -0.000000000
   -8.064000000   -0.000000000   -0.000000000
   -7.980000000   -0.000000000   -0.000000000
   -7.896000000   -0.000000000   -0.000000000
   -7.812000000   -0.000000000   -0.000000000
   -7.728000000   -0.000000000   -0.000000000
   -7.644000000   -0.000000000   -0.000000000
   -7.560000000   -0.000000000   -0.000000000
   -7.476000000   -0.000000000   -0.000000000
   -7.392000000   -0.000000000   -0.000000000
   -7.308000000   -0.000000000   -0.000000000
   -7.224000000   -0.000000000   -0.000000000
   -7.140000000   -0.000000000   -0.000000000
   -7.056000000   -0.000000000   -0.000000000
   -6.972000000   -0.000000000   -0.000000000
   -6.888000000   -0.000000000   -0.000000000
   -6.804000000   -0.000000000   -0.000000000
   -6.720000000   -0.000000000   -0.000000000
   -6.636000000   -0.000000000   -0.000000000
   -6.552000000   -0.000000000   -0.000000000
   -6.468000000   -0.000000000   -0.000000000
   -6.384000000   -0.000000000   -0.000000000
   -6.300000000   -0.000000000   -0.000000000
   -6.216000000   -0.000000000   -0.000000000
   -6.132000000   -0.000000000   -0.000000000
   -6.048000000   -0.000000000   -0.000000000
   -5.964000000   -0.000000000   -0.000000000
   -5.880000000   -0.000083349   -0.001255439
   -5.796000000   -0.000279173   -0.003829815
   -5.712000000   -0.000888061   -0.011156394
   -5.628000000   -0.002648942   -0.030821740
   -5.544000000   -0.006797044   -0.071663042
   -5.460000000   -0.015932434   -0.151793165
   -5.376000000   -0.034217488   -0.293316979
   -5.292000000   -0.068004268   -0.523532355
   -5.208000000   -0.125762899   -0.867324364
   -5.124000000   -0.217790898   -1.341579791
   -5.040000000   -0.355455414   -1.951035720
   -4.956000000   -0.549286999   -2.676863479
   -4.872000000   -0.807694863   -3.483543293
   -4.788000000   -1.135892391   -4.326812585
   -4.704000000   -1.534362292   -5.144435886
   -4.620000000   -1.997566466   -5.850169906
   -4.536000000   -2.511274033   -6.325539183
   -4.452000000   -3.050630256   -6.444736653
   -4.368000000   -3.582550405   -6.145268374
   -4.284000000   -4.073275403   -5.486599546
   -4.200000000   -4.500040195   -4.659966124
   -4.116000000   -4.858539342   -3.895692048
   -4.032000000   -5.160856366   -3.330594960
   -3.948000000   -5.422993141   -2.922079343
   -3.864000000   -5.651632643   -2.499794138
   -3.780000000   -5.838481917   -1.916058804
   -3.696000000   -5.968957019   -1.176533949
   -3.612000000   -6.035573771   -0.420432786
   -3.528000000   -6.044175742    0.177074166
   -3.444000000   -6.011183538    0.564370860
   -3.360000000   -5.951711839    0.832400722
   -3.276000000   -5.869666935    1.127194610
   -3.192000000   -5.757804497    1.543339079
   -3.108000000   -5.605281451    2.078453800
   -3.024000000   -5.405892563    2.653258444
   -2.940000000   -5.160507271    3.159977774
   -2.856000000   -4.877408511    3.525902315
   -2.772000000   -4.569679773    3.746191371
   -2.688000000   -4.249821820    3.829363120
   -2.604000000   -3.928329925    3.783406248
   -2.520000000   -3.615400237    3.637779420
   -2.436000000   -3.317246810    3.433403418
   -2.352000000   -3.036469565    3.240311536
   -2.268000000   -2.769830593    3.109277620
   -2.184000000   -2.511256970    3.041673272
   -2.100000000   -2.257073608    2.974776153
   -2.016000000   -2.012750705    2.796166089
   -1.932000000   -1.792587645    2.388029997
   -1.848000000   -1.618113297    1.716985718
   -1.764000000   -1.508392292    0.862041776
   -1.680000000   -1.472342832   -0.000935738
   -1.596000000   -1.503632375   -0.718890103
   -1.512000000   -1.586127119   -1.210577353
   -1.428000000   -1.700930031   -1.503977365
   -1.344000000   -1.834642536   -1.676746530
   -1.260000000   -1.981137602   -1.814086859
   -1.176000000   -2.139579461   -1.972468448
   -1.092000000   -2.313696541   -2.196966873
   -1.008000000   -2.510267355   -2.496654377
   -0.924000000   -2.734757703   -2.856218157
   -0.840000000   -2.988833717   -3.170955126
   -0.756000000   -3.262242971   -3.292819614
   -0.672000000   -3.532091020   -3.065921466
   -0.588000000   -3.766741206   -2.464488942
   -0.504000000   -3.937655423   -1.582001027
   -0.420000000   -4.031015037   -0.658687293
   -0.336000000   -4.053929260    0.059242358
   -0.252000000   -4.031277545    0.412722079
   -0.168000000   -3.994514516    0.416964989
   -0.084000000   -3.965588947    0.251181162
    0.000000000   -3.948635158    0.179580423
    0.084000000   -3.927310071    0.379801516
    0.168000000   -3.876087742    0.864710143
    0.252000000   -3.776629818    1.503808977
    0.336000000   -3.623678826    2.100884670
    0.420000000   -3.425636948    2.571275416
    0.504000000   -3.192925028    2.951540631
    0.588000000   -2.929194377    3.318725190
    0.672000000   -2.633726887    3.694267672
    0.756000000   -2.309273587    4.002810413
    0.840000000   -1.966635800    4.096749902
    0.924000000   -1.627826390    3.916425943
    1.008000000   -1.314778769    3.488362151
    1.092000000   -1.043757953    2.938375007
    1.176000000   -0.819461704    2.390024439
    1.260000000   -0.638377249    1.932360381
    1.344000000   -0.491259855    1.572678945
    1.428000000   -0.370846606    1.304478892
    1.512000000   -0.270379156    1.073442139
    1.596000000   -0.188575991    0.869568188
    1.680000000   -0.123709807    0.666919725
    1.764000000   -0.075504065    0.475276483
    1.848000000   -0.042528690    0.311108106
    1.932000000   -0.021962043    0.185121388
    2.016000000   -0.010166827    0.096711874
    2.100000000   -0.004240604    0.045174928
    2.184000000   -0.001642054    0.019602908
    2.268000000   -0.000514266    0.006678447
    2.352000000   -0.000163275    0.002339793
    2.436000000   -0.000000000   -0.000000000
    2.520000000   -0.000000000   -0.000000000
    2.604000000   -0.000000000   -0.000000000
    2.688000000   -0.000000000   -0.000000000
    2.772000000   -0.000000000   -0.000000000
    2.856000000   -0.000000000   -0.000000000
    2.940000000   -0.000000000   -0.000000000
    3.024000000   -0.000000000   -0.000000000
    3.108000000   -0.000000000   -0.000000000
    3.192000000   -0.000000000   -0.000000000
    3.276000000   -0.000000000   -0.000000000
    3.360000000   -0.000000000   -0.000000000
    3.444000000   -0.000000000   -0.000000000
    3.528000000   -0.000000000   -0.000000000
    3.612000000   -0.000000000   -0.000000000
    3.696000000   -0.000000000   -0.000000000
    3.780000000   -0.000000000   -0.000000000
    3.864000000   -0.000000000   -0.000000000
    3.948000000   -0.000000000   -0.000000000
    4.032000000   -0.000000000   -0.000000000
    4.116000000   -0.000000000   -0.000000000
    4.200000000   -0.000000000   -0.000000000
    4.284000000   -0.000000000   -0.000000000
    4.368000000   -0.000000000   -0.000000000
    4.452000000   -0.000000000   -0.000000000
    4.536000000   -0.000000000   -0.000000000
    4.620000000   -0.000000000   -0.000000000
    4.704000000   -0.000000000   -0.000000000
    4.788000000   -0.000000000   -0.000000000
    4.872000000   -0.000000000   -0.000000000
    4.956000000   -0.000000000   -0.000000000
    5.040000000   -0.000000000   -0.000000000
    5.124000000   -0.000000000   -0.000000000
    5.208000000   -0.000000000   -0.000000000
    5.292000000   -0.000000000   -0.000000000
    5.376000000   -0.000000000   -0.000000000
    5.460000000   -0.000000000   -0.000000000
    5.544000000   -0.000000000   -0.000000000
    5.628000000   -0.000000000   -0.000000000
    5.712000000   -0.000000000   -0.000000000
    5.796000000   -0.000000000   -0.000000000
    5.880000000   -0.000000000   -0.000000000
    5.964000000   -0.000000000   -0.000000000
    6.048000000   -0.000000000   -0.000000000
    6.132000000   -0.000000000   -0.000000000
    6.216000000   -0.000000000   -0.000000000
    6.300000000   -0.000000000   -0.000000000
    6.384000000   -0.000000000   -0.000000000
    6.468000000   -0.000000000   -0.000000000
    6.552000000   -0.000000000   -0.000000000
    6.636000000   -0.000000000   -0.000000000
    6.720000000   -0.000000000   -0.000000000
    6.804000000   -0.000000000   -0.000000000
    6.888000000   -0.000000000   -0.000000000
    6.972000000   -0.000000000   -0.000000000
    7.056000000   -0.000000000   -0.000000000
    7.140000000   -0.000000000   -0.000000000
    7.224000000   -0.000000000   -0.000000000
    7.308000000   -0.000000000   -0.000000000
    7.392000000   -0.000000000   -0.000000000
    7.476000000   -0.000000000   -0.000000000
    7.560000000   -0.000000000   -0.000000000
    7.644000000   -0.000000000   -0.000000000
    7.728000000   -0.000000000   -0.000000000
    7.812000000   -0.000000000   -0.000000000
    7.896000000   -0.000000000   -0.000000000
    7.980000000   -0.000000000   -0.000000000
    8.064000000   -0.000000000   -0.000000000
    8.148000000   -0.000000000   -0.000000000
    8.232000000   -0.000000000   -0.000000000
    8.316000000   -0.000000000   -0.000000000
    8.400000000   -0.000000000   -0.000000000
