#! FIELDS p.x file.free der_p.x
#! SET min_p.x -8.4
#! SET max_p.x 8.4
#! SET nbins_p.x  201
#! SET periodic_p.x false
   -8.400000000   -0.000000000   -0.000000000
   -8.316000000   -0.000000000   -0.000000000
   -8.232000000   -0.000000000   -0.000000000
   -8.148000000   -0.000000000   -0.000000000
   -8.064000000   -0.000000000   -0.000000000
   -7.980000000   -0.000000000   -0.000000000
   -7.896000000   -0.000000000   -0.000000000
   -7.812000000   -0.000000000   -0.000000000
   -7.728000000   -0.000000000   -0.000000000
   -7.644000000   -0.000000000   -0.000000000
   -7.560000000   -0.000000000   -0.000000000
   -7.476000000   -0.000000000   -0.000000000
   -7.392000000   -0.000000000   -0.000000000
   -7.308000000   -0.000000000   -0.000000000
   -7.224000000   -0.000066334   -0.001015119
   -7.140000000   -0.000257904   -0.003666006
   -7.056000000   -0.000805868   -0.010406393
   -6.972000000   -0.002257876   -0.026231371
   -6.888000000   -0.005675243   -0.058615589
   -6.804000000   -0.012803979   -0.115814750
   -6.720000000   -0.025942657   -0.201536138
   -6.636000000   -0.047230621   -0.306907165
   -6.552000000   -0.077359364   -0.405435228
   -6.468000000   -0.114072271   -0.456257662
   -6.384000000   -0.151701366   -0.422898232
   -6.300000000   -0.182802293   -0.302303610
   -6.216000000   -0.201316160   -0.137241432
   -6.132000000   -0.207312502   -0.020321862
   -6.048000000   -0.209435389   -0.059115960
   -5.964000000   -0.224007820   -0.328066159
   -5.880000000   -0.271976023   -0.848060878
   -5.796000000   -0.372381395   -1.563653475
   -5.712000000   -0.537533102   -2.368768218
   -5.628000000   -0.770145548   -3.145735625
   -5.544000000   -1.062682694   -3.790056209
   -5.460000000   -1.402772525   -4.270664167
   -5.376000000   -1.776654070   -4.605831025
   -5.292000000   -2.174783947   -4.860918025
   -5.208000000   -2.593290099   -5.101622904
   -5.124000000   -3.032748952   -5.360265156
   -5.040000000   -3.495109148   -5.637876144
   -4.956000000   -3.979694224   -5.882042655
   -4.872000000   -4.481231854   -6.026763996
   -4.788000000   -4.988222260   -6.006974172
   -4.704000000   -5.485833995   -5.804571372
   -4.620000000   -5.960328325   -5.467685056
   -4.536000000   -6.403751564   -5.090801400
   -4.452000000   -6.817673791   -4.778443700
   -4.368000000   -7.210787362   -4.609152043
   -4.284000000   -7.595234487   -4.552575081
   -4.200000000   -7.976820993   -4.521419942
   -4.116000000   -8.351807291   -4.378755614
   -4.032000000   -8.706044795   -4.014109864
   -3.948000000   -9.019136300   -3.416886952
   -3.864000000   -9.274797207   -2.662629539
   -3.780000000   -9.465929316   -1.902708132
   -3.696000000   -9.597678698   -1.281190792
   -3.612000000   -9.684395682   -0.803106972
   -3.528000000   -9.733715457   -0.388159273
   -3.444000000   -9.743936571    0.154965312
   -3.360000000   -9.699461678    0.924723447
   -3.276000000   -9.583734671    1.814045726
   -3.192000000   -9.398023320    2.536338894
   -3.108000000   -9.167984100    2.817411300
   -3.024000000   -8.935078637    2.641151886
   -2.940000000   -8.728040781    2.260269973
   -2.856000000   -8.546612761    2.082788308
   -2.772000000   -8.362765660    2.338950664
   -2.688000000   -8.142377822    2.915778925
   -2.604000000   -7.871319599    3.476359415
   -2.520000000   -7.565526860    3.719722819
   -2.436000000   -7.255235659    3.580509534
   -2.352000000   -6.967372121    3.218219888
   -2.268000000   -6.713603024    2.805337010
   -2.184000000   -6.495190164    2.359320888
   -2.100000000   -6.317882276    1.805222402
   -2.016000000   -6.194934402    1.074980760
   -1.932000000   -6.139432038    0.226623226
   -1.848000000   -6.153328198   -0.550724040
   -1.764000000   -6.222713751   -1.080788137
   -1.680000000   -6.324492647   -1.333936846
   -1.596000000   -6.440790383   -1.442306029
   -1.512000000   -6.566850900   -1.579921201
   -1.428000000   -6.707066933   -1.782092330
   -1.344000000   -6.863797838   -1.951073974
   -1.260000000   -7.029509858   -1.989630261
   -1.176000000   -7.193074408   -1.909694801
   -1.092000000   -7.350890088   -1.888576101
   -1.008000000   -7.515147037   -2.076257311
   -0.924000000   -7.704981265   -2.468355025
   -0.840000000   -7.930845513   -2.900508610
   -0.756000000   -8.186076433   -3.154227189
   -0.672000000   -8.450749519   -3.110471647
   -0.588000000   -8.701775201   -2.864528575
   -0.504000000   -8.928709139   -2.557539319
   -0.420000000   -9.133679617   -2.353377852
   -0.336000000   -9.327196340   -2.284487310
   -0.252000000   -9.516836683   -2.247281976
   -0.168000000   -9.697646135   -2.037448057
   -0.084000000   -9.846327859   -1.445486551
    0.000000000   -9.927755039   -0.451921974
    0.084000000   -9.915306375    0.741405150
    0.168000000   -9.805479836    1.793163358
    0.252000000   -9.622066232    2.478253918
    0.336000000   -9.397065691    2.819683056
    0.420000000   -9.147508487    3.094122089
    0.504000000   -8.869159235    3.554327007
    0.588000000   -8.543811666    4.181049491
    0.672000000   -8.166838765    4.719384974
    0.756000000   -7.758973472    4.888103550
    0.840000000   -7.356711237    4.600451140
    0.924000000   -6.991958998    4.028066320
    1.008000000   -6.675559763    3.491538960
    1.092000000   -6.393084545    3.246383522
    1.176000000   -6.116708523    3.360797260
    1.260000000   -5.820424318    3.704616923
    1.344000000   -5.492467073    4.057895518
    1.428000000   -5.140872652    4.248963586
    1.512000000   -4.784388991    4.142661376
    1.596000000   -4.450048831    3.739731555
    1.680000000   -4.161957743    3.065380645
    1.764000000   -3.939742265    2.186267560
    1.848000000   -3.795072847    1.243967803
    1.932000000   -3.726701853    0.402381946
    2.016000000   -3.719172653   -0.185838832
    2.100000000   -3.748218658   -0.483169649
    2.184000000   -3.794609234   -0.623177270
    2.268000000   -3.855617761   -0.890009191
    2.352000000   -3.952770794   -1.496405510
    2.436000000   -4.117660610   -2.497120882
    2.520000000   -4.375119844   -3.639968880
    2.604000000   -4.723878592   -4.596895607
    2.688000000   -5.134855591   -5.116872920
    2.772000000   -5.569720479   -5.174211040
    2.856000000   -5.997924264   -5.020821428
    2.940000000   -6.416615852   -4.984913037
    3.024000000   -6.845612279   -5.297489716
    3.108000000   -7.315748509   -5.944266027
    3.192000000   -7.847499603   -6.733067477
    3.276000000   -8.442868835   -7.402520985
    3.360000000   -9.083964799   -7.802287311
    3.444000000   -9.746429564   -7.929426126
    3.528000000  -10.410882736   -7.858492359
    3.612000000  -11.063979806   -7.679421193
    3.696000000  -11.697754542   -7.389127486
    3.780000000  -12.299094567   -6.891731632
    3.864000000  -12.847779723   -6.139986466
    3.948000000  -13.325794449   -5.246180002
    4.032000000  -13.733484925   -4.507250341
    4.116000000  -14.095231054   -4.199935599
    4.200000000  -14.451605377   -4.378020376
    4.284000000  -14.835777208   -4.774491583
    4.368000000  -15.247580919   -4.994902750
    4.452000000  -15.658212245   -4.695415388
    4.536000000  -16.018589305   -3.835424588
    4.620000000  -16.288163813   -2.569706493
    4.704000000  -16.444536712   -1.184032744
    4.788000000  -16.488221581    0.093006123
    4.872000000  -16.431706121    1.178625850
    4.956000000  -16.290718942    2.112283062
    5.040000000  -16.076216063    2.945304340
    5.124000000  -15.796184475    3.660595043
    5.208000000  -15.463542988    4.189083934
    5.292000000  -15.096247760    4.474651270
    5.376000000  -14.713830900    4.553355921
    5.460000000  -14.328584780    4.576049368
    5.544000000  -13.937621014    4.741863463
    5.628000000  -13.520356728    5.188123042
    5.712000000  -13.050056013    6.006361647
    5.796000000  -12.497963896    7.110598597
    5.880000000  -11.849284468    8.281445998
    5.964000000  -11.110915223    9.166563466
    6.048000000  -10.319831285    9.510759668
    6.132000000   -9.526332986    9.234389558
    6.216000000   -8.775421697    8.540862978
    6.300000000   -8.088246320    7.802282611
    6.384000000   -7.454716067    7.286834746
    6.468000000   -6.850821220    7.078539351
    6.552000000   -6.254771847    7.079516674
    6.636000000   -5.655789358    7.151132196
    6.720000000   -5.051351194    7.186168764
    6.804000000   -4.446426306    7.158055880
    6.888000000   -3.848685971    6.993172124
    6.972000000   -3.273713802    6.615816234
    7.056000000   -2.741077718    5.990922543
    7.140000000   -2.268799009    5.215590355
    7.224000000   -1.862525409    4.450867883
    7.308000000   -1.514964405    3.832764663
    7.392000000   -1.211487137    3.381197591
    7.476000000   -0.941264609    3.032585322
    7.560000000   -0.700492155    2.677232287
    7.644000000   -0.492647436    2.247441863
    7.728000000   -0.323710729    1.750097181
    7.812000000   -0.197029908    1.247583883
    7.896000000   -0.110574642    0.811557795
    7.980000000   -0.057001900    0.480207575
    8.064000000   -0.026687175    0.254339793
    8.148000000   -0.011208195    0.119036296
    8.232000000   -0.004138092    0.048282221
    8.316000000   -0.001277499    0.016165520
    8.400000000   -0.000417276    0.005836339
