#! FIELDS p.x file.free der_p.x
#! SET min_p.x -8.4
#! SET max_p.x 8.4
#! SET nbins_p.x  201
#! SET periodic_p.x false
   -8.400000000   -4.967343630   -6.479996236
   -8.316000000   -5.336841278   -2.312326986
   -8.232000000   -5.375668214    1.177294330
   -8.148000000   -5.186226198    3.025318855
   -8.064000000   -4.917868640    3.109597194
   -7.980000000   -4.697032214    2.036416490
   -7.896000000   -4.584045418    0.673212252
   -7.812000000   -4.574327574   -0.345213084
   -7.728000000   -4.626360477   -0.798433321
   -7.644000000   -4.696607754   -0.815299917
   -7.560000000   -4.758683354   -0.646484579
   -7.476000000   -4.806135995   -0.493184553
   -7.392000000   -4.843987865   -0.473916544
   -7.308000000   -4.885556646   -0.543240456
   -7.224000000   -4.937450785   -0.706227201
   -7.140000000   -5.004436748   -0.902585658
   -7.056000000   -5.087571746   -1.056745272
   -6.972000000   -5.179194399   -1.128284579
   -6.888000000   -5.273906570   -1.123500467
   -6.804000000   -5.367978124   -1.160641368
   -6.720000000   -5.471357960   -1.345233295
   -6.636000000   -5.599451574   -1.740970092
   -6.552000000   -5.766206886   -2.241787166
   -6.468000000   -5.972400395   -2.637236801
   -6.384000000   -6.200151701   -2.736449794
   -6.300000000   -6.421958338   -2.497618038
   -6.216000000   -6.613203771   -2.048443609
   -6.132000000   -6.766527841   -1.634054477
   -6.048000000   -6.895542363   -1.505143191
   -5.964000000   -7.030795812   -1.785786136
   -5.880000000   -7.207401681   -2.488437144
   -5.796000000   -7.455163202   -3.447325009
   -5.712000000   -7.786183483   -4.420265605
   -5.628000000   -8.191239850   -5.160785494
   -5.544000000   -8.643445931   -5.545007502
   -5.460000000   -9.114666464   -5.639708251
   -5.376000000   -9.586094775   -5.594286176
   -5.292000000  -10.054545080   -5.579843409
   -5.208000000  -10.525135445   -5.639134654
   -5.124000000  -11.003215884   -5.769898887
   -5.040000000  -11.495409344   -5.960320181
   -4.956000000  -12.007818224   -6.278798183
   -4.872000000  -12.552177916   -6.697259102
   -4.788000000  -13.130740182   -7.052810488
   -4.704000000  -13.726520233   -7.070437257
   -4.620000000  -14.303838009   -6.599741968
   -4.536000000  -14.824037822   -5.762598432
   -4.452000000  -15.268378877   -4.849504761
   -4.368000000  -15.643086976   -4.155450148
   -4.284000000  -15.971523186   -3.708250624
   -4.200000000  -16.269525133   -3.402470805
   -4.116000000  -16.541382394   -3.077660297
   -4.032000000  -16.780655713   -2.625409658
   -3.948000000  -16.976483461   -2.050499911
   -3.864000000  -17.120475689   -1.377796544
   -3.780000000  -17.205690910   -0.671413040
   -3.696000000  -17.232021704   -0.018738217
   -3.612000000  -17.209577446    0.504474822
   -3.528000000  -17.150678524    0.803401899
   -3.444000000  -17.073859091    0.983066619
   -3.360000000  -16.983444748    1.141592538
   -3.276000000  -16.875525103    1.415189928
   -3.192000000  -16.740536681    1.761111688
   -3.108000000  -16.576396846    2.063447300
   -3.024000000  -16.393296352    2.226524621
   -2.940000000  -16.203131949    2.244000742
   -2.856000000  -16.012515182    2.250497207
   -2.772000000  -15.816738303    2.381547719
   -2.688000000  -15.604324889    2.646016541
   -2.604000000  -15.367382095    2.934726301
   -2.520000000  -15.111573126    3.098105455
   -2.436000000  -14.850029709    3.033286739
   -2.352000000  -14.602511255    2.776556092
   -2.268000000  -14.383534574    2.394428473
   -2.184000000  -14.199908837    1.918007343
   -2.100000000  -14.056959638    1.444238879
   -2.016000000  -13.951237906    1.051110169
   -1.932000000  -13.870825331    0.867761482
   -1.848000000  -13.793651618    0.981039636
   -1.764000000  -13.695902314    1.326028894
   -1.680000000  -13.567739637    1.641602931
   -1.596000000  -13.427190978    1.570373441
   -1.512000000  -13.317782849    0.914441956
   -1.428000000  -13.283260512   -0.172993363
   -1.344000000  -13.342795244   -1.231210247
   -1.260000000  -13.474978920   -1.865254581
   -1.176000000  -13.637050731   -1.942846372
   -1.092000000  -13.790524202   -1.729321965
   -1.008000000  -13.924699141   -1.526335192
   -0.924000000  -14.048381266   -1.463079953
   -0.840000000  -14.170439036   -1.465008492
   -0.756000000  -14.289574582   -1.409579346
   -0.672000000  -14.401988589   -1.290007831
   -0.588000000  -14.507276827   -1.283184315
   -0.504000000  -14.618782881   -1.422016155
   -0.420000000  -14.744876407   -1.582834184
   -0.336000000  -14.876186345   -1.497732453
   -0.252000000  -14.980739188   -0.962845550
   -0.168000000  -15.020190169    0.036119686
   -0.084000000  -14.964543945    1.266145776
    0.000000000  -14.808973173    2.359021955
    0.084000000  -14.580878849    2.920939663
    0.168000000  -14.335072244    2.755879376
    0.252000000  -14.131122993    1.976387409
    0.336000000  -14.004886671    1.018289026
    0.420000000  -13.943413055    0.509366313
    0.504000000  -13.889684957    0.905499386
    0.588000000  -13.764380584    2.162669236
    0.672000000  -13.512545154    3.795727344
    0.756000000  -13.129235816    5.191114080
    0.840000000  -12.655187671    5.926406964
    0.924000000  -12.150427513    5.939504444
    1.008000000  -11.666501536    5.479282738
    1.092000000  -11.228493734    4.899730883
    1.176000000  -10.835279821    4.467424288
    1.260000000  -10.468297690    4.284709225
    1.344000000  -10.107567056    4.295411720
    1.428000000   -9.742467677    4.356681392
    1.512000000   -9.375659583    4.285498999
    1.596000000   -9.024448948    3.977542541
    1.680000000   -8.711905492    3.389562236
    1.764000000   -8.458998063    2.586505796
    1.848000000   -8.276045914    1.739174866
    1.932000000   -8.158508791    1.079820706
    2.016000000   -8.083897761    0.728320212
    2.100000000   -8.026565042    0.625624738
    2.184000000   -7.975772530    0.548301304
    2.268000000   -7.941705305    0.153373742
    2.352000000   -7.960546399   -0.703072301
    2.436000000   -8.069612818   -1.966529475
    2.520000000   -8.291057590   -3.316142697
    2.604000000   -8.618877140   -4.437363040
    2.688000000   -9.022999450   -5.132021374
    2.772000000   -9.467854675   -5.407994328
    2.856000000   -9.923381105   -5.436679100
    2.940000000  -10.379322900   -5.442608024
    3.024000000  -10.841050387   -5.601479517
    3.108000000  -11.325474460   -5.992009289
    3.192000000  -11.850907757   -6.553762864
    3.276000000  -12.426176286   -7.130325756
    3.360000000  -13.043935333   -7.534406249
    3.444000000  -13.683640526   -7.655059703
    3.528000000  -14.322155248   -7.519862438
    3.612000000  -14.943960049   -7.304881570
    3.696000000  -15.551210843   -7.184932014
    3.780000000  -16.154278969   -7.211415517
    3.864000000  -16.763118666   -7.304107447
    3.948000000  -17.377786076   -7.331228460
    4.032000000  -17.990476944   -7.254505060
    4.116000000  -18.591739907   -7.052290101
    4.200000000  -19.169067613   -6.689100086
    4.284000000  -19.704994741   -6.012700617
    4.368000000  -20.165571967   -4.920271602
    4.452000000  -20.516676593   -3.402439717
    4.536000000  -20.730572977   -1.743302665
    4.620000000  -20.811539545   -0.288976543
    4.704000000  -20.790586152    0.645864201
    4.788000000  -20.715085380    1.061494363
    4.872000000  -20.616442715    1.240253026
    4.956000000  -20.495820453    1.638937701
    5.040000000  -20.321863429    2.550877090
    5.124000000  -20.052122727    3.855283838
    5.208000000  -19.671452910    5.116920753
    5.292000000  -19.203180092    5.863616418
    5.376000000  -18.700610991    5.930274580
    5.460000000  -18.213864725    5.562304188
    5.544000000  -17.760736445    5.233932170
    5.628000000  -17.319028375    5.286449655
    5.712000000  -16.852364989    5.825623002
    5.796000000  -16.328382573    6.590781907
    5.880000000  -15.742650214    7.278080334
    5.964000000  -15.110674343    7.642616639
    6.048000000  -14.461263108    7.699460500
    6.132000000  -13.815479941    7.595478204
    6.216000000  -13.178574497    7.510496973
    6.300000000  -12.544492881    7.568480022
    6.384000000  -11.900456626    7.719890159
    6.468000000  -11.243167968    7.850455834
    6.552000000  -10.581008648    7.817219294
    6.636000000   -9.932510227    7.528384720
    6.720000000   -9.319598256    6.961164438
    6.804000000   -8.764304665    6.180060078
    6.888000000   -8.281247368    5.253422610
    6.972000000   -7.878416375    4.301372010
    7.056000000   -7.551048352    3.483840794
    7.140000000   -7.280947863    2.963939028
    7.224000000   -7.038510711    2.819171797
    7.308000000   -6.795265514    2.987626167
    7.392000000   -6.531325425    3.262860784
    7.476000000   -6.245755641    3.466401603
    7.560000000   -5.951995740    3.456197017
    7.644000000   -5.670920903    3.168433821
    7.728000000   -5.425404610    2.597196523
    7.812000000   -5.237149002    1.824248537
    7.896000000   -5.116766735    1.036809899
    7.980000000   -5.052058214    0.579781730
    8.064000000   -4.996387389    0.877480578
    8.148000000   -4.872374103    2.220612538
    8.232000000   -4.594975362    4.471666846
    8.316000000   -4.111412336    6.986884029
    8.400000000   -3.436043203    8.900451606
