#! FIELDS p.x file.free der_p.x
#! SET min_p.x -8.4
#! SET max_p.x 8.4
#! SET nbins_p.x  201
#! SET periodic_p.x false
   -8.400000000   -0.000000000   -0.000000000
   -8.316000000   -0.000000000   -0.000000000
   -8.232000000   -0.000000000   -0.000000000
   -8.148000000   -0.000051275   -0.000798349
   -8.064000000   -0.000179223   -0.002549616
   -7.980000000   -0.000559566   -0.007208299
   -7.896000000   -0.001560555   -0.018005597
   -7.812000000   -0.003966868   -0.040884713
   -7.728000000   -0.008933818   -0.080659370
   -7.644000000   -0.018097902   -0.140933298
   -7.560000000   -0.033102981   -0.218492075
   -7.476000000   -0.054971036   -0.301804387
   -7.392000000   -0.083496838   -0.374131025
   -7.308000000   -0.117083952   -0.420212497
   -7.224000000   -0.153151376   -0.431432899
   -7.140000000   -0.188457482   -0.401499502
   -7.056000000   -0.219262882   -0.323327341
   -6.972000000   -0.241297059   -0.192929967
   -6.888000000   -0.250731949   -0.026618435
   -6.804000000   -0.246018059    0.132257815
   -6.720000000   -0.230646332    0.216892860
   -6.636000000   -0.213137040    0.177213120
   -6.552000000   -0.204539407    0.009794910
   -6.468000000   -0.213947644   -0.237221594
   -6.384000000   -0.244803922   -0.489131834
   -6.300000000   -0.294982501   -0.692917516
   -6.216000000   -0.359823012   -0.847426686
   -6.132000000   -0.437585032   -1.008630649
   -6.048000000   -0.532584883   -1.270565123
   -5.964000000   -0.656560922   -1.711788564
   -5.880000000   -0.826486088   -2.366613766
   -5.796000000   -1.058417284   -3.167227823
   -5.712000000   -1.359382081   -3.983113832
   -5.628000000   -1.724392111   -4.663448708
   -5.544000000   -2.136568099   -5.104658826
   -5.460000000   -2.576484867   -5.325709629
   -5.376000000   -3.027988513   -5.403217466
   -5.292000000   -3.483616988   -5.434076091
   -5.208000000   -3.941557951   -5.466790175
   -5.124000000   -4.403271410   -5.525871466
   -5.040000000   -4.872902038   -5.659896752
   -4.956000000   -5.358401677   -5.915977169
   -4.872000000   -5.870969911   -6.293869602
   -4.788000000   -6.417422812   -6.706948499
   -4.704000000   -6.994375815   -6.985922533
   -4.620000000   -7.584616346   -7.006054176
   -4.536000000   -8.163803381   -6.745781195
   -4.452000000   -8.712120213   -6.291369503
   -4.368000000   -9.219854438   -5.807354802
   -4.284000000   -9.689658106   -5.390742031
   -4.200000000  -10.127786855   -5.048116270
   -4.116000000  -10.537426374   -4.697127733
   -4.032000000  -10.912812947   -4.208819925
   -3.948000000  -11.237834118   -3.507640091
   -3.864000000  -11.494168426   -2.570596920
   -3.780000000  -11.665794829   -1.510240049
   -3.696000000  -11.749811000   -0.548180648
   -3.612000000  -11.764594403    0.128523358
   -3.528000000  -11.738722925    0.389095173
   -3.444000000  -11.704686666    0.370174206
   -3.360000000  -11.675411055    0.319649558
   -3.276000000  -11.642822120    0.482154096
   -3.192000000  -11.585710693    0.890688895
   -3.108000000  -11.487469434    1.411288349
   -3.024000000  -11.346242890    1.909539791
   -2.940000000  -11.165978804    2.348214097
   -2.856000000  -10.947765244    2.815079448
   -2.772000000  -10.687595145    3.345398616
   -2.688000000  -10.385473296    3.779712087
   -2.604000000  -10.059371929    3.874242411
   -2.520000000   -9.745802003    3.494835858
   -2.436000000   -9.479818811    2.775371651
   -2.352000000   -9.276354167    2.062603579
   -2.268000000   -9.121636266    1.672387798
   -2.184000000   -8.982769707    1.648650810
   -2.100000000   -8.835657223    1.821608208
   -2.016000000   -8.676406836    1.912684020
   -1.932000000   -8.519834211    1.747253629
   -1.848000000   -8.386318912    1.381258154
   -1.764000000   -8.285658472    0.983249051
   -1.680000000   -8.215434648    0.671836232
   -1.596000000   -8.169690714    0.388390337
   -1.512000000   -8.151404845    0.011222558
   -1.428000000   -8.169713813   -0.481925286
   -1.344000000   -8.230895501   -0.982110598
   -1.260000000   -8.328954084   -1.352635951
   -1.176000000   -8.450671502   -1.553390762
   -1.092000000   -8.586455517   -1.712049998
   -1.008000000   -8.739138634   -1.967992350
   -0.924000000   -8.918981549   -2.333609954
   -0.840000000   -9.130181301   -2.681463590
   -0.756000000   -9.362668012   -2.839703992
   -0.672000000   -9.596954307   -2.702822397
   -0.588000000   -9.809952192   -2.370631864
   -0.504000000   -9.991929827   -1.988479454
   -0.420000000  -10.147408951   -1.760176641
   -0.336000000  -10.293998735   -1.789062293
   -0.252000000  -10.452062130   -2.025631503
   -0.168000000  -10.631964624   -2.269535378
   -0.084000000  -10.822802383   -2.220115938
    0.000000000  -10.989953817   -1.688597099
    0.084000000  -11.091998484   -0.702832827
    0.168000000  -11.099254995    0.507524546
    0.252000000  -11.005685776    1.664086452
    0.336000000  -10.823966147    2.602836408
    0.420000000  -10.569782203    3.383406781
    0.504000000  -10.253318076    4.126891813
    0.588000000   -9.875906047    4.815485309
    0.672000000   -9.447183832    5.311562511
    0.756000000   -8.990593396    5.463466907
    0.840000000   -8.536817777    5.268730669
    0.924000000   -8.108268982    4.891247017
    1.008000000   -7.709562271    4.583653600
    1.092000000   -7.326912012    4.525283450
    1.176000000   -6.938567392    4.722988709
    1.260000000   -6.528202697    5.027299254
    1.344000000   -6.094134520    5.244359964
    1.428000000   -5.650855587    5.236443817
    1.512000000   -5.220461220    4.911789429
    1.596000000   -4.830143311    4.300819480
    1.680000000   -4.502415589    3.451083513
    1.764000000   -4.253471373    2.446908334
    1.848000000   -4.089537260    1.449070090
    1.932000000   -4.002968560    0.642466725
    2.016000000   -3.971184969    0.158257279
    2.100000000   -3.965826354   -0.020236955
    2.184000000   -3.969389144   -0.078401076
    2.268000000   -3.983957390   -0.347540800
    2.352000000   -4.038347764   -1.031524955
    2.436000000   -4.169116240   -2.153103751
    2.520000000   -4.402897274   -3.418885264
    2.604000000   -4.737274966   -4.473248790
    2.688000000   -5.140690851   -5.055267410
    2.772000000   -5.571993979   -5.147189534
    2.856000000   -5.998716542   -5.010352436
    2.940000000   -6.416788740   -4.982446550
    3.024000000   -6.845612279   -5.297489716
    3.108000000   -7.315748509   -5.944266027
    3.192000000   -7.847499603   -6.733067477
    3.276000000   -8.442868835   -7.402520985
    3.360000000   -9.083964799   -7.802287311
    3.444000000   -9.746429564   -7.929426126
    3.528000000  -10.410882736   -7.858492359
    3.612000000  -11.063979806   -7.679421193
    3.696000000  -11.697754542   -7.389127486
    3.780000000  -12.299094567   -6.891731632
    3.864000000  -12.847779723   -6.139986466
    3.948000000  -13.325794449   -5.246180002
    4.032000000  -13.733484925   -4.507250341
    4.116000000  -14.095231054   -4.199935599
    4.200000000  -14.451605377   -4.378020376
    4.284000000  -14.835777208   -4.774491583
    4.368000000  -15.247580919   -4.994902750
    4.452000000  -15.658212245   -4.695415388
    4.536000000  -16.018589305   -3.835424588
    4.620000000  -16.288163813   -2.569706493
    4.704000000  -16.444536712   -1.184032744
    4.788000000  -16.488221581    0.093006123
    4.872000000  -16.431706121    1.178625850
    4.956000000  -16.290718942    2.112283062
    5.040000000  -16.076216063    2.945304340
    5.124000000  -15.796184475    3.660595043
    5.208000000  -15.463542988    4.189083934
    5.292000000  -15.096247760    4.474651270
    5.376000000  -14.713830900    4.553355921
    5.460000000  -14.328584780    4.576049368
    5.544000000  -13.937621014    4.741863463
    5.628000000  -13.520356728    5.188123042
    5.712000000  -13.050056013    6.006361647
    5.796000000  -12.497963896    7.110598597
    5.880000000  -11.849284468    8.281445998
    5.964000000  -11.110915223    9.166563466
    6.048000000  -10.319831285    9.510759668
    6.132000000   -9.526332986    9.234389558
    6.216000000   -8.775421697    8.540862978
    6.300000000   -8.088246320    7.802282611
    6.384000000   -7.454716067    7.286834746
    6.468000000   -6.850821220    7.078539351
    6.552000000   -6.254771847    7.079516674
    6.636000000   -5.655789358    7.151132196
    6.720000000   -5.051351194    7.186168764
    6.804000000   -4.446426306    7.158055880
    6.888000000   -3.848685971    6.993172124
    6.972000000   -3.273713802    6.615816234
    7.056000000   -2.741077718    5.990922543
    7.140000000   -2.268799009    5.215590355
    7.224000000   -1.862525409    4.450867883
    7.308000000   -1.514964405    3.832764663
    7.392000000   -1.211487137    3.381197591
    7.476000000   -0.941264609    3.032585322
    7.560000000   -0.700492155    2.677232287
    7.644000000   -0.492647436    2.247441863
    7.728000000   -0.323710729    1.750097181
    7.812000000   -0.197029908    1.247583883
    7.896000000   -0.110574642    0.811557795
    7.980000000   -0.057001900    0.480207575
    8.064000000   -0.026687175    0.254339793
    8.148000000   -0.011208195    0.119036296
    8.232000000   -0.004138092    0.048282221
    8.316000000   -0.001277499    0.016165520
    8.400000000   -0.000417276    0.005836339
