#! FIELDS p.x file.free der_p.x
#! SET min_p.x -8.4
#! SET max_p.x 8.4
#! SET nbins_p.x  201
#! SET periodic_p.x false
   -8.400000000   -0.000000000   -0.000000000
   -8.316000000   -0.000000000   -0.000000000
   -8.232000000   -0.000000000   -0.000000000
   -8.148000000   -0.000000000   -0.000000000
   -8.064000000   -0.000000000   -0.000000000
   -7.980000000   -0.000000000   -0.000000000
   -7.896000000   -0.000000000   -0.000000000
   -7.812000000   -0.000000000   -0.000000000
   -7.728000000   -0.000000000   -0.000000000
   -7.644000000   -0.000000000   -0.000000000
   -7.560000000   -0.000000000   -0.000000000
   -7.476000000   -0.000000000   -0.000000000
   -7.392000000   -0.000000000   -0.000000000
   -7.308000000   -0.000000000   -0.000000000
   -7.224000000   -0.000000000   -0.000000000
   -7.140000000   -0.000000000   -0.000000000
   -7.056000000   -0.000000000   -0.000000000
   -6.972000000   -0.000000000   -0.000000000
   -6.888000000   -0.000000000   -0.000000000
   -6.804000000   -0.000000000   -0.000000000
   -6.720000000   -0.000000000   -0.000000000
   -6.636000000   -0.000000000   -0.000000000
   -6.552000000   -0.000000000   -0.000000000
   -6.468000000   -0.000000000   -0.000000000
   -6.384000000   -0.000000000   -0.000000000
   -6.300000000   -0.000000000   -0.000000000
   -6.216000000   -0.000000000   -0.000000000
   -6.132000000   -0.000000000   -0.000000000
   -6.048000000   -0.000000000   -0.000000000
   -5.964000000   -0.000000000   -0.000000000
   -5.880000000   -0.000000000   -0.000000000
   -5.796000000   -0.000000000   -0.000000000
   -5.712000000   -0.000000000   -0.000000000
   -5.628000000   -0.000000000   -0.000000000
   -5.544000000   -0.000000000   -0.000000000
   -5.460000000   -0.000000000   -0.000000000
   -5.376000000   -0.000000000   -0.000000000
   -5.292000000   -0.000000000   -0.000000000
   -5.208000000   -0.000000000   -0.000000000
   -5.124000000   -0.000000000   -0.000000000
   -5.040000000   -0.000000000   -0.000000000
   -4.956000000   -0.000000000   -0.000000000
   -4.872000000   -0.000000000   -0.000000000
   -4.788000000   -0.000000000   -0.000000000
   -4.704000000   -0.000000000   -0.000000000
   -4.620000000   -0.000000000   -0.000000000
   -4.536000000   -0.000000000   -0.000000000
   -4.452000000   -0.000000000   -0.000000000
   -4.368000000   -0.000000000   -0.000000000
   -4.284000000   -0.000000000   -0.000000000
   -4.200000000   -0.000000000   -0.000000000
   -4.116000000   -0.000000000   -0.000000000
   -4.032000000   -0.000000000   -0.000000000
   -3.948000000   -0.000000000   -0.000000000
   -3.864000000   -0.000000000   -0.000000000
   -3.780000000   -0.000000000   -0.000000000
   -3.696000000   -0.000000000   -0.000000000
   -3.612000000   -0.000000000   -0.000000000
   -3.528000000   -0.000000000   -0.000000000
   -3.444000000   -0.000000000   -0.000000000
   -3.360000000   -0.000000000   -0.000000000
   -3.276000000   -0.000000000   -0.000000000
   -3.192000000   -0.000000000   -0.000000000
   -3.108000000   -0.000000000   -0.000000000
   -3.024000000   -0.000000000   -0.000000000
   -2.940000000   -0.000000000   -0.000000000
   -2.856000000   -0.000000000   -0.000000000
   -2.772000000   -0.000000000   -0.000000000
   -2.688000000   -0.000000000   -0.000000000
   -2.604000000   -0.000000000   -0.000000000
   -2.520000000   -0.000000000   -0.000000000
   -2.436000000   -0.000000000   -0.000000000
   -2.352000000   -0.000000000   -0.000000000
   -2.268000000   -0.000058017   -0.000895923
   -2.184000000   -0.000200628   -0.002828549
   -2.100000000   -0.000619725   -0.007904276
   -2.016000000   -0.001709925   -0.019511067
   -1.932000000   -0.004214293   -0.042423100
   -1.848000000   -0.009352487   -0.082059383
   -1.764000000   -0.018531705   -0.138664164
   -1.680000000   -0.033039228   -0.206289180
   -1.596000000   -0.053243167   -0.271130041
   -1.512000000   -0.078355691   -0.321294231
   -1.428000000   -0.107024156   -0.359728555
   -1.344000000   -0.139472821   -0.418820274
   -1.260000000   -0.179612499   -0.552332281
   -1.176000000   -0.235842893   -0.808222020
   -1.092000000   -0.319344160   -1.197033265
   -1.008000000   -0.439451376   -1.666633540
   -0.924000000   -0.598791899   -2.111831717
   -0.840000000   -0.790175120   -2.409219576
   -0.756000000   -0.996829358   -2.462691713
   -0.672000000   -1.196261388   -2.241178318
   -0.588000000   -1.367562658   -1.806929507
   -0.504000000   -1.497515508   -1.285913515
   -0.420000000   -1.585608543   -0.832535168
   -0.336000000   -1.642374304   -0.555493727
   -0.252000000   -1.684429990   -0.475856700
   -0.168000000   -1.726006331   -0.525726757
   -0.084000000   -1.772619367   -0.570245003
    0.000000000   -1.817359898   -0.457189680
    0.084000000   -1.841689402   -0.073180163
    0.168000000   -1.821084058    0.604604310
    0.252000000   -1.734254451    1.479702012
    0.336000000   -1.572342051    2.352590438
    0.420000000   -1.344796621    3.001014960
    0.504000000   -1.077995038    3.276950457
    0.588000000   -0.805502213    3.142546714
    0.672000000   -0.558777354    2.686148412
    0.756000000   -0.358626573    2.063804815
    0.840000000   -0.211991779    1.427350262
    0.924000000   -0.115264511    0.894431558
    1.008000000   -0.057272449    0.504780860
    1.092000000   -0.025822655    0.255090828
    1.176000000   -0.010479015    0.114650140
    1.260000000   -0.003931548    0.047652006
    1.344000000   -0.001107731    0.014267575
    1.428000000   -0.000354893    0.005047026
    1.512000000   -0.000000000   -0.000000000
    1.596000000   -0.000000000   -0.000000000
    1.680000000   -0.000000000   -0.000000000
    1.764000000   -0.000000000   -0.000000000
    1.848000000   -0.000000000   -0.000000000
    1.932000000   -0.000000000   -0.000000000
    2.016000000   -0.000000000   -0.000000000
    2.100000000   -0.000000000   -0.000000000
    2.184000000   -0.000000000   -0.000000000
    2.268000000   -0.000000000   -0.000000000
    2.352000000   -0.000000000   -0.000000000
    2.436000000   -0.000000000   -0.000000000
    2.520000000   -0.000000000   -0.000000000
    2.604000000   -0.000000000   -0.000000000
    2.688000000   -0.000000000   -0.000000000
    2.772000000   -0.000000000   -0.000000000
    2.856000000   -0.000000000   -0.000000000
    2.940000000   -0.000000000   -0.000000000
    3.024000000   -0.000000000   -0.000000000
    3.108000000   -0.000000000   -0.000000000
    3.192000000   -0.000000000   -0.000000000
    3.276000000   -0.000000000   -0.000000000
    3.360000000   -0.000000000   -0.000000000
    3.444000000   -0.000000000   -0.000000000
    3.528000000   -0.000000000   -0.000000000
    3.612000000   -0.000000000   -0.000000000
    3.696000000   -0.000000000   -0.000000000
    3.780000000   -0.000000000   -0.000000000
    3.864000000   -0.000000000   -0.000000000
    3.948000000   -0.000000000   -0.000000000
    4.032000000   -0.000000000   -0.000000000
    4.116000000   -0.000000000   -0.000000000
    4.200000000   -0.000000000   -0.000000000
    4.284000000   -0.000000000   -0.000000000
    4.368000000   -0.000000000   -0.000000000
    4.452000000   -0.000000000   -0.000000000
    4.536000000   -0.000000000   -0.000000000
    4.620000000   -0.000000000   -0.000000000
    4.704000000   -0.000000000   -0.000000000
    4.788000000   -0.000000000   -0.000000000
    4.872000000   -0.000000000   -0.000000000
    4.956000000   -0.000000000   -0.000000000
    5.040000000   -0.000000000   -0.000000000
    5.124000000   -0.000000000   -0.000000000
    5.208000000   -0.000000000   -0.000000000
    5.292000000   -0.000000000   -0.000000000
    5.376000000   -0.000000000   -0.000000000
    5.460000000   -0.000000000   -0.000000000
    5.544000000   -0.000000000   -0.000000000
    5.628000000   -0.000000000   -0.000000000
    5.712000000   -0.000000000   -0.000000000
    5.796000000   -0.000000000   -0.000000000
    5.880000000   -0.000000000   -0.000000000
    5.964000000   -0.000000000   -0.000000000
    6.048000000   -0.000000000   -0.000000000
    6.132000000   -0.000000000   -0.000000000
    6.216000000   -0.000000000   -0.000000000
    6.300000000   -0.000000000   -0.000000000
    6.384000000   -0.000000000   -0.000000000
    6.468000000   -0.000000000   -0.000000000
    6.552000000   -0.000000000   -0.000000000
    6.636000000   -0.000000000   -0.000000000
    6.720000000   -0.000000000   -0.000000000
    6.804000000   -0.000000000   -0.000000000
    6.888000000   -0.000000000   -0.000000000
    6.972000000   -0.000000000   -0.000000000
    7.056000000   -0.000000000   -0.000000000
    7.140000000   -0.000000000   -0.000000000
    7.224000000   -0.000000000   -0.000000000
    7.308000000   -0.000000000   -0.000000000
    7.392000000   -0.000000000   -0.000000000
    7.476000000   -0.000000000   -0.000000000
    7.560000000   -0.000000000   -0.000000000
    7.644000000   -0.000000000   -0.000000000
    7.728000000   -0.000000000   -0.000000000
    7.812000000   -0.000000000   -0.000000000
    7.896000000   -0.000000000   -0.000000000
    7.980000000   -0.000000000   -0.000000000
    8.064000000   -0.000000000   -0.000000000
    8.148000000   -0.000000000   -0.000000000
    8.232000000   -0.000000000   -0.000000000
    8.316000000   -0.000000000   -0.000000000
    8.400000000   -0.000000000   -0.000000000
