#! FIELDS p.x file.free der_p.x
#! SET min_p.x -8.4
#! SET max_p.x 8.4
#! SET nbins_p.x  201
#! SET periodic_p.x false
   -8.400000000   -0.000000000   -0.000000000
   -8.316000000   -0.000000000   -0.000000000
   -8.232000000   -0.000000000   -0.000000000
   -8.148000000   -0.000000000   -0.000000000
   -8.064000000   -0.000000000   -0.000000000
   -7.980000000   -0.000000000   -0.000000000
   -7.896000000   -0.000000000   -0.000000000
   -7.812000000   -0.000000000   -0.000000000
   -7.728000000   -0.000000000   -0.000000000
   -7.644000000   -0.000000000   -0.000000000
   -7.560000000   -0.000000000   -0.000000000
   -7.476000000   -0.000000000   -0.000000000
   -7.392000000   -0.000000000   -0.000000000
   -7.308000000   -0.000000000   -0.000000000
   -7.224000000   -0.000000000   -0.000000000
   -7.140000000   -0.000000000   -0.000000000
   -7.056000000   -0.000000000   -0.000000000
   -6.972000000   -0.000000000   -0.000000000
   -6.888000000   -0.000000000   -0.000000000
   -6.804000000   -0.000000000   -0.000000000
   -6.720000000   -0.000000000   -0.000000000
   -6.636000000   -0.000000000   -0.000000000
   -6.552000000   -0.000000000   -0.000000000
   -6.468000000   -0.000000000   -0.000000000
   -6.384000000   -0.000000000   -0.000000000
   -6.300000000   -0.000000000   -0.000000000
   -6.216000000   -0.000000000   -0.000000000
   -6.132000000   -0.000000000   -0.000000000
   -6.048000000   -0.000000000   -0.000000000
   -5.964000000   -0.000000000   -0.000000000
   -5.880000000   -0.000000000   -0.000000000
   -5.796000000   -0.000000000   -0.000000000
   -5.712000000   -0.000000000   -0.000000000
   -5.628000000   -0.000000000   -0.000000000
   -5.544000000   -0.000000000   -0.000000000
   -5.460000000   -0.000000000   -0.000000000
   -5.376000000   -0.000000000   -0.000000000
   -5.292000000   -0.000000000   -0.000000000
   -5.208000000   -0.000000000   -0.000000000
   -5.124000000   -0.000000000   -0.000000000
   -5.040000000   -0.000000000   -0.000000000
   -4.956000000   -0.000000000   -0.000000000
   -4.872000000   -0.000000000   -0.000000000
   -4.788000000   -0.000000000   -0.000000000
   -4.704000000   -0.000000000   -0.000000000
   -4.620000000   -0.000000000   -0.000000000
   -4.536000000   -0.000000000   -0.000000000
   -4.452000000   -0.000000000   -0.000000000
   -4.368000000   -0.000041836   -0.000660076
   -4.284000000   -0.000148805   -0.002147791
   -4.200000000   -0.000472771   -0.006188390
   -4.116000000   -0.001341697   -0.015759063
   -4.032000000   -0.003401169   -0.035377660
   -3.948000000   -0.007701438   -0.069756675
   -3.864000000   -0.015577053   -0.120155418
   -3.780000000   -0.028142888   -0.179259410
   -3.696000000   -0.045417363   -0.228250256
   -3.612000000   -0.065470410   -0.241036949
   -3.528000000   -0.084302041   -0.197065852
   -3.444000000   -0.096961876   -0.096342931
   -3.360000000   -0.099617083    0.034904171
   -3.276000000   -0.091419012    0.154898855
   -3.192000000   -0.074939211    0.227694053
   -3.108000000   -0.054872102    0.240470588
   -3.024000000   -0.035927766    0.204903994
   -2.940000000   -0.021105552    0.146243817
   -2.856000000   -0.011383773    0.086251893
   -2.772000000   -0.006362942    0.034841952
   -2.688000000   -0.005346145   -0.010205132
   -2.604000000   -0.008137329   -0.057326693
   -2.520000000   -0.015227101   -0.113051108
   -2.436000000   -0.027225091   -0.175666191
   -2.352000000   -0.044242664   -0.226007619
   -2.268000000   -0.064279907   -0.242650475
   -2.184000000   -0.083578551   -0.205954440
   -2.100000000   -0.097413600   -0.116416892
   -2.016000000   -0.102663090   -0.007523615
   -1.932000000   -0.099610467    0.070236133
   -1.848000000   -0.093266578    0.064624066
   -1.764000000   -0.091870835   -0.049244136
   -1.680000000   -0.104457678   -0.261324137
   -1.596000000   -0.137396838   -0.524629407
   -1.512000000   -0.192530179   -0.778425933
   -1.428000000   -0.266556250   -0.969699182
   -1.344000000   -0.353546447   -1.087583059
   -1.260000000   -0.448623070   -1.172510584
   -1.176000000   -0.551961645   -1.301763477
   -1.092000000   -0.671055923   -1.558931862
   -1.008000000   -0.818186163   -1.965599403
   -0.924000000   -1.004242033   -2.468571958
   -0.840000000   -1.232024252   -2.933669535
   -0.756000000   -1.491801563   -3.203238248
   -0.672000000   -1.761289860   -3.153158708
   -0.588000000   -2.011954906   -2.756081220
   -0.504000000   -2.216651684   -2.083301111
   -0.420000000   -2.358911628   -1.297774874
   -0.336000000   -2.436849690   -0.584425127
   -0.252000000   -2.463067626   -0.082150426
   -0.168000000   -2.457802112    0.169817893
   -0.084000000   -2.439438214    0.246845823
    0.000000000   -2.416744929    0.302752090
    0.084000000   -2.385149359    0.475882568
    0.168000000   -2.331402921    0.830005573
    0.252000000   -2.241159260    1.328419636
    0.336000000   -2.106317447    1.877381116
    0.420000000   -1.926618275    2.371226784
    0.504000000   -1.710049821    2.757555120
    0.588000000   -1.467114951    2.991433857
    0.672000000   -1.211526105    3.053594258
    0.756000000   -0.958575166    2.936421056
    0.840000000   -0.722738732    2.641979795
    0.924000000   -0.517475793    2.225691607
    1.008000000   -0.350050747    1.745360139
    1.092000000   -0.222978275    1.276243445
    1.176000000   -0.132995628    0.866410422
    1.260000000   -0.074123238    0.548293472
    1.344000000   -0.038030425    0.315936502
    1.428000000   -0.018121677    0.169461275
    1.512000000   -0.007656505    0.078855028
    1.596000000   -0.002981297    0.033913626
    1.680000000   -0.001057706    0.013260502
    1.764000000   -0.000311937    0.004238718
    1.848000000   -0.000000000   -0.000000000
    1.932000000   -0.000000000   -0.000000000
    2.016000000   -0.000000000   -0.000000000
    2.100000000   -0.000000000   -0.000000000
    2.184000000   -0.000000000   -0.000000000
    2.268000000   -0.000000000   -0.000000000
    2.352000000   -0.000000000   -0.000000000
    2.436000000   -0.000000000   -0.000000000
    2.520000000   -0.000000000   -0.000000000
    2.604000000   -0.000000000   -0.000000000
    2.688000000   -0.000000000   -0.000000000
    2.772000000   -0.000000000   -0.000000000
    2.856000000   -0.000000000   -0.000000000
    2.940000000   -0.000000000   -0.000000000
    3.024000000   -0.000000000   -0.000000000
    3.108000000   -0.000000000   -0.000000000
    3.192000000   -0.000000000   -0.000000000
    3.276000000   -0.000000000   -0.000000000
    3.360000000   -0.000000000   -0.000000000
    3.444000000   -0.000000000   -0.000000000
    3.528000000   -0.000000000   -0.000000000
    3.612000000   -0.000000000   -0.000000000
    3.696000000   -0.000000000   -0.000000000
    3.780000000   -0.000000000   -0.000000000
    3.864000000   -0.000000000   -0.000000000
    3.948000000   -0.000000000   -0.000000000
    4.032000000   -0.000000000   -0.000000000
    4.116000000   -0.000000000   -0.000000000
    4.200000000   -0.000000000   -0.000000000
    4.284000000   -0.000000000   -0.000000000
    4.368000000   -0.000000000   -0.000000000
    4.452000000   -0.000000000   -0.000000000
    4.536000000   -0.000000000   -0.000000000
    4.620000000   -0.000000000   -0.000000000
    4.704000000   -0.000000000   -0.000000000
    4.788000000   -0.000000000   -0.000000000
    4.872000000   -0.000000000   -0.000000000
    4.956000000   -0.000000000   -0.000000000
    5.040000000   -0.000000000   -0.000000000
    5.124000000   -0.000000000   -0.000000000
    5.208000000   -0.000000000   -0.000000000
    5.292000000   -0.000000000   -0.000000000
    5.376000000   -0.000000000   -0.000000000
    5.460000000   -0.000000000   -0.000000000
    5.544000000   -0.000000000   -0.000000000
    5.628000000   -0.000000000   -0.000000000
    5.712000000   -0.000000000   -0.000000000
    5.796000000   -0.000000000   -0.000000000
    5.880000000   -0.000000000   -0.000000000
    5.964000000   -0.000000000   -0.000000000
    6.048000000   -0.000000000   -0.000000000
    6.132000000   -0.000000000   -0.000000000
    6.216000000   -0.000000000   -0.000000000
    6.300000000   -0.000000000   -0.000000000
    6.384000000   -0.000000000   -0.000000000
    6.468000000   -0.000000000   -0.000000000
    6.552000000   -0.000000000   -0.000000000
    6.636000000   -0.000000000   -0.000000000
    6.720000000   -0.000000000   -0.000000000
    6.804000000   -0.000000000   -0.000000000
    6.888000000   -0.000000000   -0.000000000
    6.972000000   -0.000000000   -0.000000000
    7.056000000   -0.000000000   -0.000000000
    7.140000000   -0.000000000   -0.000000000
    7.224000000   -0.000000000   -0.000000000
    7.308000000   -0.000000000   -0.000000000
    7.392000000   -0.000000000   -0.000000000
    7.476000000   -0.000000000   -0.000000000
    7.560000000   -0.000000000   -0.000000000
    7.644000000   -0.000000000   -0.000000000
    7.728000000   -0.000000000   -0.000000000
    7.812000000   -0.000000000   -0.000000000
    7.896000000   -0.000000000   -0.000000000
    7.980000000   -0.000000000   -0.000000000
    8.064000000   -0.000000000   -0.000000000
    8.148000000   -0.000000000   -0.000000000
    8.232000000   -0.000000000   -0.000000000
    8.316000000   -0.000000000   -0.000000000
    8.400000000   -0.000000000   -0.000000000
