#! FIELDS p.x file.free der_p.x
#! SET min_p.x -8.4
#! SET max_p.x 8.4
#! SET nbins_p.x  201
#! SET periodic_p.x false
   -8.400000000   -0.004212792   -0.046135691
   -8.316000000   -0.010044459   -0.097070875
   -8.232000000   -0.021421110   -0.179289779
   -8.148000000   -0.041047373   -0.291355552
   -8.064000000   -0.070676686   -0.413088291
   -7.980000000   -0.109739786   -0.508571389
   -7.896000000   -0.154264037   -0.538049080
   -7.812000000   -0.197829011   -0.485073415
   -7.728000000   -0.234015138   -0.370026784
   -7.644000000   -0.259747800   -0.246251504
   -7.560000000   -0.276688960   -0.167892785
   -7.476000000   -0.289997720   -0.159306627
   -7.392000000   -0.304965371   -0.202763892
   -7.308000000   -0.324532048   -0.260414641
   -7.224000000   -0.348122590   -0.294365702
   -7.140000000   -0.372799466   -0.285079082
   -7.056000000   -0.394972812   -0.234958383
   -6.972000000   -0.411728916   -0.162630397
   -6.888000000   -0.423163103   -0.113433426
   -6.804000000   -0.433100756   -0.142208396
   -6.720000000   -0.450528014   -0.298451582
   -6.636000000   -0.487648194   -0.606178269
   -6.552000000   -0.556558294   -1.051658335
   -6.468000000   -0.667493930   -1.597885439
   -6.384000000   -0.827062318   -2.204927196
   -6.300000000   -1.038854553   -2.833561059
   -6.216000000   -1.302980616   -3.449205836
   -6.132000000   -1.616826308   -4.004884828
   -6.048000000   -1.973401425   -4.456494019
   -5.964000000   -2.361823107   -4.757431500
   -5.880000000   -2.768728204   -4.902673494
   -5.796000000   -3.181601296   -4.903368468
   -5.712000000   -3.590576629   -4.818777670
   -5.628000000   -3.991568108   -4.722443726
   -5.544000000   -4.386303303   -4.684764552
   -5.460000000   -4.782941637   -4.763038035
   -5.376000000   -5.190127192   -4.943027748
   -5.292000000   -5.614944123   -5.159993850
   -5.208000000   -6.056120974   -5.322511175
   -5.124000000   -6.507079924   -5.397267272
   -5.040000000   -6.962970040   -5.454331992
   -4.956000000   -7.427310608   -5.630246554
   -4.872000000   -7.914181801   -5.991659475
   -4.788000000   -8.436805876   -6.455077066
   -4.704000000   -8.995594831   -6.814299326
   -4.620000000   -9.573619389   -6.888156945
   -4.536000000  -10.144203947   -6.657257984
   -4.452000000  -10.686041561   -6.231940813
   -4.368000000  -11.189481536   -5.767508180
   -4.284000000  -11.654557826   -5.309382783
   -4.200000000  -12.080272687   -4.817020327
   -4.116000000  -12.460848232   -4.233803696
   -4.032000000  -12.786971507   -3.520150473
   -3.948000000  -13.047554893   -2.694218677
   -3.864000000  -13.235338066   -1.775501113
   -3.780000000  -13.344746751   -0.843500871
   -3.696000000  -13.379279683   -0.033936544
   -3.612000000  -13.355605105    0.537250731
   -3.528000000  -13.295641979    0.806003642
   -3.444000000  -13.221350830    0.933171127
   -3.360000000  -13.135006220    1.122003277
   -3.276000000  -13.024346233    1.525324881
   -3.192000000  -12.872874922    2.051961470
   -3.108000000  -12.678358739    2.497201470
   -3.024000000  -12.455768693    2.729170875
   -2.940000000  -12.221329150    2.809499507
   -2.856000000  -11.978544380    2.955866287
   -2.772000000  -11.715014191    3.299432794
   -2.688000000  -11.418219794    3.720579612
   -2.604000000  -11.092743444    3.931698982
   -2.520000000  -10.766692222    3.738749797
   -2.436000000  -10.471963504    3.209253973
   -2.352000000  -10.225388269    2.634262163
   -2.268000000  -10.019616965    2.294364412
   -2.184000000   -9.830454461    2.201367174
   -2.100000000   -9.644322038    2.178779824
   -2.016000000   -9.467072723    1.971950008
   -1.932000000   -9.320416941    1.440527886
   -1.848000000   -9.228799501    0.690114112
   -1.764000000   -9.202194858   -0.083008043
   -1.680000000   -9.235681460   -0.722913682
   -1.596000000   -9.318465687   -1.263618610
   -1.512000000   -9.446562394   -1.806260718
   -1.428000000   -9.620634911   -2.354417606
   -1.344000000   -9.836529715   -2.770538783
   -1.260000000  -10.075406382   -2.887082187
   -1.176000000  -10.309010327   -2.653417622
   -1.092000000  -10.514002480   -2.243736894
   -1.008000000  -10.685509163   -1.885267131
   -0.924000000  -10.834219667   -1.699358497
   -0.840000000  -10.973737210   -1.639746050
   -0.756000000  -11.108861568   -1.599813403
   -0.672000000  -11.238768287   -1.499908645
   -0.588000000  -11.359669518   -1.415072009
   -0.504000000  -11.476146627   -1.389844808
   -0.420000000  -11.594782836   -1.461267809
   -0.336000000  -11.721031754   -1.558110866
   -0.252000000  -11.852014705   -1.569980829
   -0.168000000  -11.976066110   -1.388591042
   -0.084000000  -12.074599033   -0.931557935
    0.000000000  -12.124303861   -0.241155712
    0.084000000  -12.111004772    0.529664876
    0.168000000  -12.036176230    1.173042585
    0.252000000  -11.917853435    1.566096564
    0.336000000  -11.776632604    1.750958000
    0.420000000  -11.618887425    1.982816600
    0.504000000  -11.431531179    2.515531033
    0.588000000  -11.185463955    3.358840614
    0.672000000  -10.861711709    4.303265004
    0.756000000  -10.464699207    5.055273292
    0.840000000  -10.020599890    5.414702976
    0.924000000   -9.564004368    5.357890809
    1.008000000   -9.124428335    5.030276355
    1.092000000   -8.716993731    4.623462920
    1.176000000   -8.342199766    4.289116633
    1.260000000   -7.989950854    4.100486043
    1.344000000   -7.647587004    4.033158237
    1.428000000   -7.308426800    4.009968806
    1.512000000   -6.973512658    3.888262626
    1.596000000   -6.655906648    3.600331150
    1.680000000   -6.371494605    3.115832260
    1.764000000   -6.134357952    2.505603588
    1.848000000   -5.947732849    1.925105455
    1.932000000   -5.802764404    1.554341621
    2.016000000   -5.677061910    1.465256589
    2.100000000   -5.549157718    1.565111035
    2.184000000   -5.414158174    1.598508462
    2.268000000   -5.291240403    1.210721543
    2.352000000   -5.226214773    0.216769080
    2.436000000   -5.269636345   -1.344918470
    2.520000000   -5.456045183   -3.103642488
    2.604000000   -5.783026595   -4.605753666
    2.688000000   -6.211480042   -5.492803663
    2.772000000   -6.685602779   -5.699405931
    2.856000000   -7.156184139   -5.485920217
    2.940000000   -7.605613066   -5.243593224
    3.024000000   -8.045225696   -5.295876393
    3.108000000   -8.504717197   -5.705631945
    3.192000000   -9.008420241   -6.313349894
    3.276000000   -9.563374918   -6.872230120
    3.360000000  -10.157443052   -7.229136567
    3.444000000  -10.772739061   -7.396315058
    3.528000000  -11.397917324   -7.476208519
    3.612000000  -12.029755259   -7.580968896
    3.696000000  -12.671148802   -7.691244628
    3.780000000  -13.317025442   -7.653796538
    3.864000000  -13.947978395   -7.332359668
    3.948000000  -14.538579882   -6.700186696
    4.032000000  -15.069963888   -5.946828806
    4.116000000  -15.540799820   -5.303395286
    4.200000000  -15.965707556   -4.878816398
    4.284000000  -16.361686445   -4.551906826
    4.368000000  -16.726773008   -4.134136647
    4.452000000  -17.046829928   -3.458273196
    4.536000000  -17.299612240   -2.574169597
    4.620000000  -17.474716955   -1.633679467
    4.704000000  -17.575216849   -0.825533125
    4.788000000  -17.616073761   -0.193359527
    4.872000000  -17.606512474    0.386735859
    4.956000000  -17.541904025    1.151990190
    5.040000000  -17.399760014    2.252815743
    5.124000000  -17.152532340    3.615805305
    5.208000000  -16.788929504    4.975748237
    5.292000000  -16.322103465    6.016584625
    5.376000000  -15.787237210    6.581926987
    5.460000000  -15.223031034    6.751518805
    5.544000000  -14.653570385    6.772286421
    5.628000000  -14.078515685    6.884696675
    5.712000000  -13.482953032    7.284120041
    5.796000000  -12.841686917    7.958769013
    5.880000000  -12.137735141    8.764263614
    5.964000000  -11.369718594    9.411745226
    6.048000000  -10.562041445    9.678158800
    6.132000000   -9.752205485    9.465183317
    6.216000000   -8.976364230    8.902211351
    6.300000000   -8.253742711    8.271180788
    6.384000000   -7.578838777    7.784054102
    6.468000000   -6.934961398    7.520951127
    6.552000000   -6.305973300    7.413881875
    6.636000000   -5.683759348    7.370022691
    6.720000000   -5.065065742    7.311556605
    6.804000000   -4.452446594    7.221030365
    6.888000000   -3.851051700    7.021038174
    6.972000000   -3.274545925    6.626716030
    7.056000000   -2.741274422    5.993700178
    7.140000000   -2.268799009    5.215590355
    7.224000000   -1.862525409    4.450867883
    7.308000000   -1.514964405    3.832764663
    7.392000000   -1.211487137    3.381197591
    7.476000000   -0.941264609    3.032585322
    7.560000000   -0.700492155    2.677232287
    7.644000000   -0.492647436    2.247441863
    7.728000000   -0.323710729    1.750097181
    7.812000000   -0.197029908    1.247583883
    7.896000000   -0.110574642    0.811557795
    7.980000000   -0.057001900    0.480207575
    8.064000000   -0.026687175    0.254339793
    8.148000000   -0.011208195    0.119036296
    8.232000000   -0.004138092    0.048282221
    8.316000000   -0.001277499    0.016165520
    8.400000000   -0.000417276    0.005836339
