#! FIELDS p.x file.free der_p.x
#! SET min_p.x -8.4
#! SET max_p.x 8.4
#! SET nbins_p.x  201
#! SET periodic_p.x false
   -8.400000000   -1.122909410   -2.192100704
   -8.316000000   -1.269371428   -1.251892525
   -8.232000000   -1.330908472   -0.225669458
   -8.148000000   -1.314188416    0.563989215
   -8.064000000   -1.248789972    0.916114080
   -7.980000000   -1.172988895    0.825283748
   -7.896000000   -1.118437580    0.442623953
   -7.812000000   -1.101263729   -0.030546052
   -7.728000000   -1.121685549   -0.435664049
   -7.644000000   -1.170676340   -0.707026695
   -7.560000000   -1.236946323   -0.849156659
   -7.476000000   -1.310577727   -0.884184352
   -7.392000000   -1.382593516   -0.825051106
   -7.308000000   -1.445544496   -0.664238384
   -7.224000000   -1.492203747   -0.444630020
   -7.140000000   -1.520518312   -0.249273939
   -7.056000000   -1.537646403   -0.183707325
   -6.972000000   -1.557330708   -0.327280163
   -6.888000000   -1.599001072   -0.692181616
   -6.804000000   -1.678337864   -1.216848935
   -6.720000000   -1.804292091   -1.777636911
   -6.636000000   -1.974156943   -2.244558053
   -6.552000000   -2.175633429   -2.515643357
   -6.468000000   -2.391534069   -2.592072016
   -6.384000000   -2.608088491   -2.554365237
   -6.300000000   -2.820857940   -2.516881267
   -6.216000000   -3.033356666   -2.565192902
   -6.132000000   -3.254640504   -2.718828639
   -6.048000000   -3.493334187   -2.971275756
   -5.964000000   -3.756642295   -3.304753724
   -5.880000000   -4.051564746   -3.731751167
   -5.796000000   -4.385523066   -4.226961643
   -5.712000000   -4.762451898   -4.737850845
   -5.628000000   -5.179881405   -5.169612314
   -5.544000000   -5.627223652   -5.454408410
   -5.460000000   -6.093070692   -5.612158516
   -5.376000000   -6.568249946   -5.697761968
   -5.292000000   -7.050179925   -5.773723524
   -5.208000000   -7.537762669   -5.823367607
   -5.124000000   -8.028148836   -5.855183085
   -5.040000000   -8.522714431   -5.929158917
   -4.956000000   -9.029157422   -6.169972233
   -4.872000000   -9.564551868   -6.603951462
   -4.788000000  -10.139534598   -7.072279434
   -4.704000000  -10.745026106   -7.277043784
   -4.620000000  -11.348606755   -7.003053676
   -4.536000000  -11.908723251   -6.284227461
   -4.452000000  -12.397779260   -5.365070266
   -4.368000000  -12.812327618   -4.559663963
   -4.284000000  -13.169906411   -4.003715659
   -4.200000000  -13.491571961   -3.687163650
   -4.116000000  -13.792697315   -3.512048941
   -4.032000000  -14.080480671   -3.354584592
   -3.948000000  -14.353364341   -3.156779184
   -3.864000000  -14.606011581   -2.842411807
   -3.780000000  -14.826066161   -2.380019430
   -3.696000000  -15.000460115   -1.789436950
   -3.612000000  -15.122216796   -1.119182858
   -3.528000000  -15.187338833   -0.495479696
   -3.444000000  -15.203035123    0.088539728
   -3.360000000  -15.171535726    0.627841173
   -3.276000000  -15.094929014    1.165861175
   -3.192000000  -14.974523284    1.655946709
   -3.108000000  -14.815862831    2.045055403
   -3.024000000  -14.629026661    2.360762824
   -2.940000000  -14.416147382    2.681890376
   -2.856000000  -14.171218874    3.129653787
   -2.772000000  -13.883556965    3.674179195
   -2.688000000  -13.553716663    4.093059201
   -2.604000000  -13.203299400    4.121845261
   -2.520000000  -12.872597250    3.644714865
   -2.436000000  -12.598721295    2.790278219
   -2.352000000  -12.401068939    1.883417924
   -2.268000000  -12.272923563    1.189098372
   -2.184000000  -12.191605139    0.739313668
   -2.100000000  -12.140315577    0.456580258
   -2.016000000  -12.110750202    0.211028744
   -1.932000000  -12.100742623    0.006054071
   -1.848000000  -12.102593317   -0.054316595
   -1.764000000  -12.100731266    0.090265369
   -1.680000000  -12.080926399    0.340531994
   -1.596000000  -12.044945902    0.438106883
   -1.512000000  -12.015927684    0.168471267
   -1.428000000  -12.024109727   -0.429336760
   -1.344000000  -12.087120752   -1.077192401
   -1.260000000  -12.195738257   -1.496453002
   -1.176000000  -12.325412204   -1.570417875
   -1.092000000  -12.452806239   -1.483379394
   -1.008000000  -12.573808961   -1.454672919
   -0.924000000  -12.698617001   -1.557125734
   -0.840000000  -12.835359665   -1.703768678
   -0.756000000  -12.980514130   -1.778392340
   -0.672000000  -13.127623224   -1.733474871
   -0.588000000  -13.270132800   -1.703650994
   -0.504000000  -13.413225146   -1.743185900
   -0.420000000  -13.562313784   -1.823402156
   -0.336000000  -13.714829619   -1.796951152
   -0.252000000  -13.854738127   -1.528796361
   -0.168000000  -13.958967518   -0.949663200
   -0.084000000  -14.003412201   -0.100600512
    0.000000000  -13.970459193    0.864576636
    0.084000000  -13.859666402    1.699296925
    0.168000000  -13.691579105    2.181234716
    0.252000000  -13.500881907    2.255099997
    0.336000000  -13.316977129    2.081360476
    0.420000000  -13.143860999    2.037572005
    0.504000000  -12.957863126    2.452693921
    0.588000000  -12.716200559    3.333296710
    0.672000000  -12.389670030    4.393421745
    0.756000000  -11.980167084    5.243338395
    0.840000000  -11.518915681    5.611766419
    0.924000000  -11.049159040    5.449467710
    1.008000000  -10.609326478    4.932761209
    1.092000000  -10.218428316    4.324873613
    1.176000000   -9.874484102    3.870392739
    1.260000000   -9.557280343    3.709002208
    1.344000000   -9.240575995    3.841512830
    1.428000000   -8.904417539    4.138247715
    1.512000000   -8.543709271    4.362888263
    1.596000000   -8.174566336    4.323356103
    1.680000000   -7.825550787    3.891774239
    1.764000000   -7.528645302    3.114967153
    1.848000000   -7.304405362    2.181422618
    1.932000000   -7.155899565    1.372587827
    2.016000000   -7.063780667    0.858255299
    2.100000000   -7.001557891    0.622671341
    2.184000000   -6.954418626    0.474811500
    2.268000000   -6.927204698    0.078954754
    2.352000000   -6.950568919   -0.729384921
    2.436000000   -7.058885688   -1.921303663
    2.520000000   -7.272931564   -3.180322810
    2.604000000   -7.583974260   -4.157228810
    2.688000000   -7.956168908   -4.636774858
    2.772000000   -8.348682784   -4.656584438
    2.856000000   -8.732493522   -4.502087689
    2.940000000   -9.108745076   -4.517124929
    3.024000000   -9.501626125   -4.919010446
    3.108000000   -9.944414352   -5.682856539
    3.192000000  -10.458911902   -6.581314090
    3.276000000  -11.044714960   -7.320329387
    3.360000000  -11.678926888   -7.717491819
    3.444000000  -12.331679701   -7.783013611
    3.528000000  -12.981669027   -7.681959301
    3.612000000  -13.623307586   -7.633951752
    3.696000000  -14.267404279   -7.729915443
    3.780000000  -14.922342685   -7.869490485
    3.864000000  -15.583514616   -7.843970174
    3.948000000  -16.229798437   -7.502150203
    4.032000000  -16.836256096   -6.919596541
    4.116000000  -17.389712212   -6.271199378
    4.200000000  -17.891485144   -5.727906561
    4.284000000  -18.352078630   -5.244037673
    4.368000000  -18.769016251   -4.689345006
    4.452000000  -19.130841721   -3.899317796
    4.536000000  -19.415795677   -2.900307088
    4.620000000  -19.612216308   -1.812075527
    4.704000000  -19.720481619   -0.835010307
    4.788000000  -19.755097920   -0.038016212
    4.872000000  -19.727316829    0.654832673
    4.956000000  -19.637688896    1.455238038
    5.040000000  -19.471121004    2.515657695
    5.124000000  -19.206363123    3.749881974
    5.208000000  -18.840242237    4.881601758
    5.292000000  -18.394192175    5.603777452
    5.376000000  -17.909318435    5.794279070
    5.460000000  -17.426488100    5.606749531
    5.544000000  -16.965458631    5.351818494
    5.628000000  -16.518353338    5.262467437
    5.712000000  -16.066417994    5.478526285
    5.796000000  -15.586848901    5.889896513
    5.880000000  -15.070597375    6.359727952
    5.964000000  -14.517249987    6.727388886
    6.048000000  -13.937398630    6.994875868
    6.132000000  -13.337714836    7.216640361
    6.216000000  -12.717800625    7.484244991
    6.300000000  -12.072655523    7.846460804
    6.384000000  -11.395639123    8.207435767
    6.468000000  -10.692428728    8.435314701
    6.552000000   -9.980489977    8.408356701
    6.636000000   -9.283511134    8.101255159
    6.720000000   -8.621686506    7.571646870
    6.804000000   -8.009836640    6.938657555
    6.888000000   -7.453132802    6.258990124
    6.972000000   -6.954194399    5.577341959
    7.056000000   -6.510735308    4.948656849
    7.140000000   -6.115198655    4.456302370
    7.224000000   -5.752846709    4.150363993
    7.308000000   -5.409464797    4.018559939
    7.392000000   -5.073221422    3.951649592
    7.476000000   -4.741977787    3.892425098
    7.560000000   -4.417346261    3.806901740
    7.644000000   -4.101468599    3.691181253
    7.728000000   -3.796615612    3.522700142
    7.812000000   -3.508989052    3.273816369
    7.896000000   -3.246774045    2.930286109
    7.980000000   -3.015488587    2.576497816
    8.064000000   -2.807877772    2.392304931
    8.148000000   -2.600855861    2.579436954
    8.232000000   -2.360608503    3.177577997
    8.316000000   -2.059734756    3.972590897
    8.400000000   -1.696488100    4.599032715
