#! FIELDS p.x file.free der_p.x
#! SET min_p.x -8.4
#! SET max_p.x 8.4
#! SET nbins_p.x  201
#! SET periodic_p.x false
   -8.400000000   -0.000000000   -0.000000000
   -8.316000000   -0.000000000   -0.000000000
   -8.232000000   -0.000000000   -0.000000000
   -8.148000000   -0.000000000   -0.000000000
   -8.064000000   -0.000000000   -0.000000000
   -7.980000000   -0.000000000   -0.000000000
   -7.896000000   -0.000000000   -0.000000000
   -7.812000000   -0.000000000   -0.000000000
   -7.728000000   -0.000000000   -0.000000000
   -7.644000000   -0.000000000   -0.000000000
   -7.560000000   -0.000000000   -0.000000000
   -7.476000000   -0.000000000   -0.000000000
   -7.392000000   -0.000000000   -0.000000000
   -7.308000000   -0.000000000   -0.000000000
   -7.224000000   -0.000000000   -0.000000000
   -7.140000000   -0.000000000   -0.000000000
   -7.056000000   -0.000000000   -0.000000000
   -6.972000000   -0.000000000   -0.000000000
   -6.888000000   -0.000000000   -0.000000000
   -6.804000000   -0.000000000   -0.000000000
   -6.720000000   -0.000000000   -0.000000000
   -6.636000000   -0.000000000   -0.000000000
   -6.552000000   -0.000000000   -0.000000000
   -6.468000000   -0.000000000   -0.000000000
   -6.384000000   -0.000000000   -0.000000000
   -6.300000000   -0.000000000   -0.000000000
   -6.216000000   -0.000000000   -0.000000000
   -6.132000000   -0.000000000   -0.000000000
   -6.048000000   -0.000000000   -0.000000000
   -5.964000000   -0.000000000   -0.000000000
   -5.880000000   -0.000000000   -0.000000000
   -5.796000000   -0.000000000   -0.000000000
   -5.712000000   -0.000000000   -0.000000000
   -5.628000000   -0.000000000   -0.000000000
   -5.544000000   -0.000000000   -0.000000000
   -5.460000000   -0.000000000   -0.000000000
   -5.376000000   -0.000000000   -0.000000000
   -5.292000000   -0.000000000   -0.000000000
   -5.208000000   -0.000000000   -0.000000000
   -5.124000000   -0.000000000   -0.000000000
   -5.040000000   -0.000000000   -0.000000000
   -4.956000000   -0.000000000   -0.000000000
   -4.872000000   -0.000000000   -0.000000000
   -4.788000000   -0.000000000   -0.000000000
   -4.704000000   -0.000000000   -0.000000000
   -4.620000000   -0.000000000   -0.000000000
   -4.536000000   -0.000000000   -0.000000000
   -4.452000000   -0.000000000   -0.000000000
   -4.368000000   -0.000000000   -0.000000000
   -4.284000000   -0.000000000   -0.000000000
   -4.200000000   -0.000000000   -0.000000000
   -4.116000000   -0.000000000   -0.000000000
   -4.032000000   -0.000000000   -0.000000000
   -3.948000000   -0.000000000   -0.000000000
   -3.864000000   -0.000000000   -0.000000000
   -3.780000000   -0.000000000   -0.000000000
   -3.696000000   -0.000000000   -0.000000000
   -3.612000000   -0.000000000   -0.000000000
   -3.528000000   -0.000000000   -0.000000000
   -3.444000000   -0.000000000   -0.000000000
   -3.360000000   -0.000000000   -0.000000000
   -3.276000000   -0.000000000   -0.000000000
   -3.192000000   -0.000000000   -0.000000000
   -3.108000000   -0.000000000   -0.000000000
   -3.024000000   -0.000000000   -0.000000000
   -2.940000000   -0.000000000   -0.000000000
   -2.856000000   -0.000000000   -0.000000000
   -2.772000000   -0.000000000   -0.000000000
   -2.688000000   -0.000000000   -0.000000000
   -2.604000000   -0.000000000   -0.000000000
   -2.520000000   -0.000000000   -0.000000000
   -2.436000000   -0.000000000   -0.000000000
   -2.352000000   -0.000000000   -0.000000000
   -2.268000000   -0.000000000   -0.000000000
   -2.184000000   -0.000000000   -0.000000000
   -2.100000000   -0.000000000   -0.000000000
   -2.016000000   -0.000000000   -0.000000000
   -1.932000000   -0.000000000   -0.000000000
   -1.848000000   -0.000000000   -0.000000000
   -1.764000000   -0.000034507   -0.000551131
   -1.680000000   -0.000124752   -0.001824846
   -1.596000000   -0.000472361   -0.006411667
   -1.512000000   -0.001469757   -0.018298732
   -1.428000000   -0.004025084   -0.045360798
   -1.344000000   -0.009913683   -0.100132080
   -1.260000000   -0.022114436   -0.198195816
   -1.176000000   -0.044892946   -0.353221331
   -1.092000000   -0.083266362   -0.568273668
   -1.008000000   -0.141790035   -0.828020903
   -0.924000000   -0.222656180   -1.093867401
   -0.840000000   -0.324416048   -1.315837121
   -0.756000000   -0.441206074   -1.445191049
   -0.672000000   -0.563944552   -1.456164556
   -0.588000000   -0.682987474   -1.360637129
   -0.504000000   -0.790763990   -1.199399248
   -0.420000000   -0.884410411   -1.032271513
   -0.336000000   -0.965337584   -0.903345032
   -0.252000000   -1.037682599   -0.827027689
   -0.168000000   -1.105098111   -0.778897508
   -0.084000000   -1.167772043   -0.702918324
    0.000000000   -1.220432133   -0.528935387
    0.084000000   -1.252267747   -0.200639143
    0.168000000   -1.249382683    0.290458671
    0.252000000   -1.200142962    0.891495062
    0.336000000   -1.099718894    1.485689937
    0.420000000   -0.954026087    1.943935179
    0.504000000   -0.779073098    2.175911028
    0.588000000   -0.595607700    2.147698006
    0.672000000   -0.424273065    1.898632424
    0.756000000   -0.280278692    1.513881975
    0.840000000   -0.170800372    1.089796525
    0.924000000   -0.095614634    0.709107935
    1.008000000   -0.048923052    0.415955531
    1.092000000   -0.022585546    0.216495179
    1.176000000   -0.009452482    0.101317723
    1.260000000   -0.003605670    0.042981632
    1.344000000   -0.001107731    0.014267575
    1.428000000   -0.000354893    0.005047026
    1.512000000   -0.000000000   -0.000000000
    1.596000000   -0.000000000   -0.000000000
    1.680000000   -0.000000000   -0.000000000
    1.764000000   -0.000000000   -0.000000000
    1.848000000   -0.000000000   -0.000000000
    1.932000000   -0.000000000   -0.000000000
    2.016000000   -0.000000000   -0.000000000
    2.100000000   -0.000000000   -0.000000000
    2.184000000   -0.000000000   -0.000000000
    2.268000000   -0.000000000   -0.000000000
    2.352000000   -0.000000000   -0.000000000
    2.436000000   -0.000000000   -0.000000000
    2.520000000   -0.000000000   -0.000000000
    2.604000000   -0.000000000   -0.000000000
    2.688000000   -0.000000000   -0.000000000
    2.772000000   -0.000000000   -0.000000000
    2.856000000   -0.000000000   -0.000000000
    2.940000000   -0.000000000   -0.000000000
    3.024000000   -0.000000000   -0.000000000
    3.108000000   -0.000000000   -0.000000000
    3.192000000   -0.000000000   -0.000000000
    3.276000000   -0.000000000   -0.000000000
    3.360000000   -0.000000000   -0.000000000
    3.444000000   -0.000000000   -0.000000000
    3.528000000   -0.000000000   -0.000000000
    3.612000000   -0.000000000   -0.000000000
    3.696000000   -0.000000000   -0.000000000
    3.780000000   -0.000000000   -0.000000000
    3.864000000   -0.000000000   -0.000000000
    3.948000000   -0.000000000   -0.000000000
    4.032000000   -0.000000000   -0.000000000
    4.116000000   -0.000000000   -0.000000000
    4.200000000   -0.000000000   -0.000000000
    4.284000000   -0.000000000   -0.000000000
    4.368000000   -0.000000000   -0.000000000
    4.452000000   -0.000000000   -0.000000000
    4.536000000   -0.000000000   -0.000000000
    4.620000000   -0.000000000   -0.000000000
    4.704000000   -0.000000000   -0.000000000
    4.788000000   -0.000000000   -0.000000000
    4.872000000   -0.000000000   -0.000000000
    4.956000000   -0.000000000   -0.000000000
    5.040000000   -0.000000000   -0.000000000
    5.124000000   -0.000000000   -0.000000000
    5.208000000   -0.000000000   -0.000000000
    5.292000000   -0.000000000   -0.000000000
    5.376000000   -0.000000000   -0.000000000
    5.460000000   -0.000000000   -0.000000000
    5.544000000   -0.000000000   -0.000000000
    5.628000000   -0.000000000   -0.000000000
    5.712000000   -0.000000000   -0.000000000
    5.796000000   -0.000000000   -0.000000000
    5.880000000   -0.000000000   -0.000000000
    5.964000000   -0.000000000   -0.000000000
    6.048000000   -0.000000000   -0.000000000
    6.132000000   -0.000000000   -0.000000000
    6.216000000   -0.000000000   -0.000000000
    6.300000000   -0.000000000   -0.000000000
    6.384000000   -0.000000000   -0.000000000
    6.468000000   -0.000000000   -0.000000000
    6.552000000   -0.000000000   -0.000000000
    6.636000000   -0.000000000   -0.000000000
    6.720000000   -0.000000000   -0.000000000
    6.804000000   -0.000000000   -0.000000000
    6.888000000   -0.000000000   -0.000000000
    6.972000000   -0.000000000   -0.000000000
    7.056000000   -0.000000000   -0.000000000
    7.140000000   -0.000000000   -0.000000000
    7.224000000   -0.000000000   -0.000000000
    7.308000000   -0.000000000   -0.000000000
    7.392000000   -0.000000000   -0.000000000
    7.476000000   -0.000000000   -0.000000000
    7.560000000   -0.000000000   -0.000000000
    7.644000000   -0.000000000   -0.000000000
    7.728000000   -0.000000000   -0.000000000
    7.812000000   -0.000000000   -0.000000000
    7.896000000   -0.000000000   -0.000000000
    7.980000000   -0.000000000   -0.000000000
    8.064000000   -0.000000000   -0.000000000
    8.148000000   -0.000000000   -0.000000000
    8.232000000   -0.000000000   -0.000000000
    8.316000000   -0.000000000   -0.000000000
    8.400000000   -0.000000000   -0.000000000
