#! FIELDS p.x file.free der_p.x
#! SET min_p.x -8.4
#! SET max_p.x 8.4
#! SET nbins_p.x  201
#! SET periodic_p.x false
   -8.400000000   -0.000000000   -0.000000000
   -8.316000000   -0.000000000   -0.000000000
   -8.232000000   -0.000000000   -0.000000000
   -8.148000000   -0.000000000   -0.000000000
   -8.064000000   -0.000000000   -0.000000000
   -7.980000000   -0.000000000   -0.000000000
   -7.896000000   -0.000000000   -0.000000000
   -7.812000000   -0.000000000   -0.000000000
   -7.728000000   -0.000000000   -0.000000000
   -7.644000000   -0.000000000   -0.000000000
   -7.560000000   -0.000000000   -0.000000000
   -7.476000000   -0.000000000   -0.000000000
   -7.392000000   -0.000000000   -0.000000000
   -7.308000000   -0.000000000   -0.000000000
   -7.224000000   -0.000000000   -0.000000000
   -7.140000000   -0.000000000   -0.000000000
   -7.056000000   -0.000000000   -0.000000000
   -6.972000000   -0.000000000   -0.000000000
   -6.888000000   -0.000000000   -0.000000000
   -6.804000000   -0.000000000   -0.000000000
   -6.720000000   -0.000000000   -0.000000000
   -6.636000000   -0.000000000   -0.000000000
   -6.552000000   -0.000000000   -0.000000000
   -6.468000000   -0.000000000   -0.000000000
   -6.384000000   -0.000000000   -0.000000000
   -6.300000000   -0.000000000   -0.000000000
   -6.216000000   -0.000000000   -0.000000000
   -6.132000000   -0.000000000   -0.000000000
   -6.048000000   -0.000000000   -0.000000000
   -5.964000000   -0.000000000   -0.000000000
   -5.880000000   -0.000000000   -0.000000000
   -5.796000000   -0.000000000   -0.000000000
   -5.712000000   -0.000000000   -0.000000000
   -5.628000000   -0.000000000   -0.000000000
   -5.544000000   -0.000000000   -0.000000000
   -5.460000000   -0.000000000   -0.000000000
   -5.376000000   -0.000000000   -0.000000000
   -5.292000000   -0.000000000   -0.000000000
   -5.208000000   -0.000000000   -0.000000000
   -5.124000000   -0.000000000   -0.000000000
   -5.040000000   -0.000095517   -0.001424827
   -4.956000000   -0.000316045   -0.004289663
   -4.872000000   -0.000996379   -0.012380264
   -4.788000000   -0.002680086   -0.029844806
   -4.704000000   -0.006514873   -0.064485458
   -4.620000000   -0.014438275   -0.126643758
   -4.536000000   -0.028802972   -0.220508688
   -4.452000000   -0.052462646   -0.347707768
   -4.368000000   -0.088141845   -0.504865243
   -4.284000000   -0.138009831   -0.685998250
   -4.200000000   -0.204120664   -0.891514904
   -4.116000000   -0.288579267   -1.121969186
   -4.032000000   -0.392909911   -1.360508162
   -3.948000000   -0.515997020   -1.556838234
   -3.864000000   -0.650955030   -1.628044818
   -3.780000000   -0.783698698   -1.493544856
   -3.696000000   -0.895192561   -1.123255421
   -3.612000000   -0.967011952   -0.562321089
   -3.528000000   -0.987148381    0.088113201
   -3.444000000   -0.952852960    0.716510799
   -3.360000000   -0.869850636    1.236172569
   -3.276000000   -0.749777680    1.592262015
   -3.192000000   -0.607799273    1.754524980
   -3.108000000   -0.460603280    1.716700424
   -3.024000000   -0.324180099    1.507344790
   -2.940000000   -0.210440678    1.186698990
   -2.856000000   -0.125550943    0.835332248
   -2.772000000   -0.069050411    0.516521186
   -2.688000000   -0.036398589    0.263677404
   -2.604000000   -0.022124456    0.083049542
   -2.520000000   -0.020847764   -0.049849109
   -2.436000000   -0.029254931   -0.150350937
   -2.352000000   -0.044809805   -0.218298190
   -2.268000000   -0.064403159   -0.240845950
   -2.184000000   -0.083578551   -0.205954440
   -2.100000000   -0.097413600   -0.116416892
   -2.016000000   -0.102663090   -0.007523615
   -1.932000000   -0.099610467    0.070236133
   -1.848000000   -0.093266578    0.064624066
   -1.764000000   -0.091870835   -0.049244136
   -1.680000000   -0.104457678   -0.261324137
   -1.596000000   -0.137396838   -0.524629407
   -1.512000000   -0.192530179   -0.778425933
   -1.428000000   -0.266556250   -0.969699182
   -1.344000000   -0.353546447   -1.087583059
   -1.260000000   -0.448623070   -1.172510584
   -1.176000000   -0.551961645   -1.301763477
   -1.092000000   -0.671055923   -1.558931862
   -1.008000000   -0.818186163   -1.965599403
   -0.924000000   -1.004242033   -2.468571958
   -0.840000000   -1.232024252   -2.933669535
   -0.756000000   -1.491801563   -3.203238248
   -0.672000000   -1.761289860   -3.153158708
   -0.588000000   -2.011954906   -2.756081220
   -0.504000000   -2.216651684   -2.083301111
   -0.420000000   -2.358911628   -1.297774874
   -0.336000000   -2.436849690   -0.584425127
   -0.252000000   -2.463067626   -0.082150426
   -0.168000000   -2.457802112    0.169817893
   -0.084000000   -2.439438214    0.246845823
    0.000000000   -2.416744929    0.302752090
    0.084000000   -2.385149359    0.475882568
    0.168000000   -2.331402921    0.830005573
    0.252000000   -2.241159260    1.328419636
    0.336000000   -2.106317447    1.877381116
    0.420000000   -1.926618275    2.371226784
    0.504000000   -1.710049821    2.757555120
    0.588000000   -1.467114951    2.991433857
    0.672000000   -1.211526105    3.053594258
    0.756000000   -0.958575166    2.936421056
    0.840000000   -0.722738732    2.641979795
    0.924000000   -0.517475793    2.225691607
    1.008000000   -0.350050747    1.745360139
    1.092000000   -0.222978275    1.276243445
    1.176000000   -0.132995628    0.866410422
    1.260000000   -0.074123238    0.548293472
    1.344000000   -0.038030425    0.315936502
    1.428000000   -0.018121677    0.169461275
    1.512000000   -0.007656505    0.078855028
    1.596000000   -0.002981297    0.033913626
    1.680000000   -0.001057706    0.013260502
    1.764000000   -0.000311937    0.004238718
    1.848000000   -0.000000000   -0.000000000
    1.932000000   -0.000000000   -0.000000000
    2.016000000   -0.000000000   -0.000000000
    2.100000000   -0.000000000   -0.000000000
    2.184000000   -0.000000000   -0.000000000
    2.268000000   -0.000000000   -0.000000000
    2.352000000   -0.000000000   -0.000000000
    2.436000000   -0.000000000   -0.000000000
    2.520000000   -0.000000000   -0.000000000
    2.604000000   -0.000000000   -0.000000000
    2.688000000   -0.000000000   -0.000000000
    2.772000000   -0.000000000   -0.000000000
    2.856000000   -0.000000000   -0.000000000
    2.940000000   -0.000000000   -0.000000000
    3.024000000   -0.000000000   -0.000000000
    3.108000000   -0.000000000   -0.000000000
    3.192000000   -0.000000000   -0.000000000
    3.276000000   -0.000000000   -0.000000000
    3.360000000   -0.000000000   -0.000000000
    3.444000000   -0.000000000   -0.000000000
    3.528000000   -0.000000000   -0.000000000
    3.612000000   -0.000000000   -0.000000000
    3.696000000   -0.000000000   -0.000000000
    3.780000000   -0.000000000   -0.000000000
    3.864000000   -0.000000000   -0.000000000
    3.948000000   -0.000000000   -0.000000000
    4.032000000   -0.000000000   -0.000000000
    4.116000000   -0.000000000   -0.000000000
    4.200000000   -0.000000000   -0.000000000
    4.284000000   -0.000000000   -0.000000000
    4.368000000   -0.000000000   -0.000000000
    4.452000000   -0.000000000   -0.000000000
    4.536000000   -0.000000000   -0.000000000
    4.620000000   -0.000000000   -0.000000000
    4.704000000   -0.000000000   -0.000000000
    4.788000000   -0.000000000   -0.000000000
    4.872000000   -0.000000000   -0.000000000
    4.956000000   -0.000000000   -0.000000000
    5.040000000   -0.000000000   -0.000000000
    5.124000000   -0.000000000   -0.000000000
    5.208000000   -0.000000000   -0.000000000
    5.292000000   -0.000000000   -0.000000000
    5.376000000   -0.000000000   -0.000000000
    5.460000000   -0.000000000   -0.000000000
    5.544000000   -0.000000000   -0.000000000
    5.628000000   -0.000000000   -0.000000000
    5.712000000   -0.000000000   -0.000000000
    5.796000000   -0.000000000   -0.000000000
    5.880000000   -0.000000000   -0.000000000
    5.964000000   -0.000000000   -0.000000000
    6.048000000   -0.000000000   -0.000000000
    6.132000000   -0.000000000   -0.000000000
    6.216000000   -0.000000000   -0.000000000
    6.300000000   -0.000000000   -0.000000000
    6.384000000   -0.000000000   -0.000000000
    6.468000000   -0.000000000   -0.000000000
    6.552000000   -0.000000000   -0.000000000
    6.636000000   -0.000000000   -0.000000000
    6.720000000   -0.000000000   -0.000000000
    6.804000000   -0.000000000   -0.000000000
    6.888000000   -0.000000000   -0.000000000
    6.972000000   -0.000000000   -0.000000000
    7.056000000   -0.000000000   -0.000000000
    7.140000000   -0.000000000   -0.000000000
    7.224000000   -0.000000000   -0.000000000
    7.308000000   -0.000000000   -0.000000000
    7.392000000   -0.000000000   -0.000000000
    7.476000000   -0.000000000   -0.000000000
    7.560000000   -0.000000000   -0.000000000
    7.644000000   -0.000000000   -0.000000000
    7.728000000   -0.000000000   -0.000000000
    7.812000000   -0.000000000   -0.000000000
    7.896000000   -0.000000000   -0.000000000
    7.980000000   -0.000000000   -0.000000000
    8.064000000   -0.000000000   -0.000000000
    8.148000000   -0.000000000   -0.000000000
    8.232000000   -0.000000000   -0.000000000
    8.316000000   -0.000000000   -0.000000000
    8.400000000   -0.000000000   -0.000000000
