#! FIELDS p.x file.free der_p.x
#! SET min_p.x -8.4
#! SET max_p.x 8.4
#! SET nbins_p.x  201
#! SET periodic_p.x false
   -8.400000000   -0.000000000   -0.000000000
   -8.316000000   -0.000000000   -0.000000000
   -8.232000000   -0.000000000   -0.000000000
   -8.148000000   -0.000000000   -0.000000000
   -8.064000000   -0.000000000   -0.000000000
   -7.980000000   -0.000000000   -0.000000000
   -7.896000000   -0.000000000   -0.000000000
   -7.812000000   -0.000000000   -0.000000000
   -7.728000000   -0.000000000   -0.000000000
   -7.644000000   -0.000000000   -0.000000000
   -7.560000000   -0.000000000   -0.000000000
   -7.476000000   -0.000000000   -0.000000000
   -7.392000000   -0.000000000   -0.000000000
   -7.308000000   -0.000000000   -0.000000000
   -7.224000000   -0.000000000   -0.000000000
   -7.140000000   -0.000000000   -0.000000000
   -7.056000000   -0.000000000   -0.000000000
   -6.972000000   -0.000000000   -0.000000000
   -6.888000000   -0.000000000   -0.000000000
   -6.804000000   -0.000000000   -0.000000000
   -6.720000000   -0.000000000   -0.000000000
   -6.636000000   -0.000000000   -0.000000000
   -6.552000000   -0.000000000   -0.000000000
   -6.468000000   -0.000030691   -0.000493777
   -6.384000000   -0.000112053   -0.001652186
   -6.300000000   -0.000398539   -0.005427201
   -6.216000000   -0.001184644   -0.014596699
   -6.132000000   -0.003208818   -0.035634510
   -6.048000000   -0.008083158   -0.081456071
   -5.964000000   -0.018096834   -0.162862151
   -5.880000000   -0.037015503   -0.295815698
   -5.796000000   -0.069826602   -0.494554726
   -5.712000000   -0.122442774   -0.768238634
   -5.628000000   -0.201673638   -1.125292845
   -5.544000000   -0.313989505   -1.558967650
   -5.460000000   -0.465900913   -2.061806429
   -5.376000000   -0.662040389   -2.608778416
   -5.292000000   -0.905238936   -3.177079149
   -5.208000000   -1.196607008   -3.754975958
   -5.124000000   -1.536887201   -4.344881728
   -5.040000000   -1.927606424   -4.949998345
   -4.956000000   -2.368281467   -5.526278575
   -4.872000000   -2.853267914   -5.987090348
   -4.788000000   -3.368537196   -6.232687831
   -4.704000000   -3.893353732   -6.210180102
   -4.620000000   -4.405673428   -5.942476583
   -4.536000000   -4.887611491   -5.508051734
   -4.452000000   -5.329224185   -4.997145863
   -4.368000000   -5.728013342   -4.505252866
   -4.284000000   -6.089157451   -4.105286199
   -4.200000000   -6.422585345   -3.850344191
   -4.116000000   -6.740280986   -3.729338663
   -4.032000000   -7.050552279   -3.651768854
   -3.948000000   -7.351110465   -3.475413215
   -3.864000000   -7.628072464   -3.082626977
   -3.780000000   -7.862201589   -2.464333544
   -3.696000000   -8.038857857   -1.753081959
   -3.612000000   -8.157441670   -1.089082486
   -3.528000000   -8.224803675   -0.544696385
   -3.444000000   -8.248162176   -0.022483196
   -3.360000000   -8.223876745    0.613466770
   -3.276000000   -8.140264370    1.374832139
   -3.192000000   -7.992762845    2.100660022
   -3.108000000   -7.793104630    2.564048858
   -3.024000000   -7.569797327    2.677054397
   -2.940000000   -7.349077478    2.535780820
   -2.856000000   -7.142134052    2.375386782
   -2.772000000   -6.943233138    2.360182754
   -2.688000000   -6.739952550    2.470888378
   -2.604000000   -6.526702456    2.561338784
   -2.520000000   -6.311690604    2.515710587
   -2.436000000   -6.105931002    2.347518437
   -2.352000000   -5.915064340    2.173531936
   -2.268000000   -5.736371301    2.076021113
   -2.184000000   -5.563792907    2.009934162
   -2.100000000   -5.398565946    1.876562655
   -2.016000000   -5.250264428    1.613954118
   -1.932000000   -5.129043505    1.253425556
   -1.848000000   -5.038494292    0.892745443
   -1.764000000   -4.975185498    0.603529380
   -1.680000000   -4.934021877    0.353723032
   -1.596000000   -4.916336178    0.029469628
   -1.512000000   -4.932446389   -0.448744276
   -1.428000000   -4.993792298   -1.031554212
   -1.344000000   -5.102506686   -1.544184169
   -1.260000000   -5.244544167   -1.806188414
   -1.176000000   -5.394709798   -1.728302231
   -1.092000000   -5.527503817   -1.424465876
   -1.008000000   -5.632500272   -1.101692755
   -0.924000000   -5.716744300   -0.946996989
   -0.840000000   -5.798139649   -1.042129296
   -0.756000000   -5.896054680   -1.330886933
   -0.672000000   -6.021665355   -1.658798661
   -0.588000000   -6.171797836   -1.902904550
   -0.504000000   -6.333477069   -1.915344191
   -0.420000000   -6.485257096   -1.656644766
   -0.336000000   -6.604613423   -1.159982506
   -0.252000000   -6.675190618   -0.528790093
   -0.168000000   -6.691289479    0.116663846
   -0.084000000   -6.656001618    0.689786879
    0.000000000   -6.577737199    1.139914103
    0.084000000   -6.467001277    1.465842754
    0.168000000   -6.332708703    1.697168822
    0.252000000   -6.181129066    1.893496460
    0.336000000   -6.011727991    2.135668073
    0.420000000   -5.816468420    2.512503971
    0.504000000   -5.583381479    3.044260960
    0.588000000   -5.301883084    3.639319416
    0.672000000   -4.972415448    4.155054997
    0.756000000   -4.606524206    4.498751588
    0.840000000   -4.219656040    4.670852523
    0.924000000   -3.823295954    4.734444736
    1.008000000   -3.423597200    4.745328141
    1.092000000   -3.025162753    4.700782895
    1.176000000   -2.634685919    4.551394511
    1.260000000   -2.262596184    4.278476900
    1.344000000   -1.917770288    3.892664650
    1.428000000   -1.607911384    3.468324834
    1.512000000   -1.333687673    3.029503879
    1.596000000   -1.095764223    2.627108804
    1.680000000   -0.890165221    2.265031294
    1.764000000   -0.712583123    1.959842714
    1.848000000   -0.558217567    1.714570414
    1.932000000   -0.422737957    1.496940187
    2.016000000   -0.305492636    1.278489417
    2.100000000   -0.207656886    1.035771084
    2.184000000   -0.131325417    0.778855554
    2.268000000   -0.076207108    0.529268707
    2.352000000   -0.040475800    0.325730543
    2.436000000   -0.019385624    0.177371752
    2.520000000   -0.008536689    0.088612107
    2.604000000   -0.003319480    0.038333975
    2.688000000   -0.001105859    0.013989438
    2.772000000   -0.000294618    0.004023142
    2.856000000   -0.000000000   -0.000000000
    2.940000000   -0.000000000   -0.000000000
    3.024000000   -0.000000000   -0.000000000
    3.108000000   -0.000000000   -0.000000000
    3.192000000   -0.000000000   -0.000000000
    3.276000000   -0.000000000   -0.000000000
    3.360000000   -0.000000000   -0.000000000
    3.444000000   -0.000000000   -0.000000000
    3.528000000   -0.000000000   -0.000000000
    3.612000000   -0.000000000   -0.000000000
    3.696000000   -0.000000000   -0.000000000
    3.780000000   -0.000000000   -0.000000000
    3.864000000   -0.000000000   -0.000000000
    3.948000000   -0.000000000   -0.000000000
    4.032000000   -0.000000000   -0.000000000
    4.116000000   -0.000000000   -0.000000000
    4.200000000   -0.000000000   -0.000000000
    4.284000000   -0.000000000   -0.000000000
    4.368000000   -0.000000000   -0.000000000
    4.452000000   -0.000000000   -0.000000000
    4.536000000   -0.000000000   -0.000000000
    4.620000000   -0.000000000   -0.000000000
    4.704000000   -0.000000000   -0.000000000
    4.788000000   -0.000000000   -0.000000000
    4.872000000   -0.000000000   -0.000000000
    4.956000000   -0.000000000   -0.000000000
    5.040000000   -0.000000000   -0.000000000
    5.124000000   -0.000000000   -0.000000000
    5.208000000   -0.000000000   -0.000000000
    5.292000000   -0.000000000   -0.000000000
    5.376000000   -0.000000000   -0.000000000
    5.460000000   -0.000000000   -0.000000000
    5.544000000   -0.000000000   -0.000000000
    5.628000000   -0.000000000   -0.000000000
    5.712000000   -0.000000000   -0.000000000
    5.796000000   -0.000000000   -0.000000000
    5.880000000   -0.000000000   -0.000000000
    5.964000000   -0.000000000   -0.000000000
    6.048000000   -0.000000000   -0.000000000
    6.132000000   -0.000000000   -0.000000000
    6.216000000   -0.000000000   -0.000000000
    6.300000000   -0.000000000   -0.000000000
    6.384000000   -0.000000000   -0.000000000
    6.468000000   -0.000000000   -0.000000000
    6.552000000   -0.000000000   -0.000000000
    6.636000000   -0.000000000   -0.000000000
    6.720000000   -0.000000000   -0.000000000
    6.804000000   -0.000000000   -0.000000000
    6.888000000   -0.000000000   -0.000000000
    6.972000000   -0.000000000   -0.000000000
    7.056000000   -0.000000000   -0.000000000
    7.140000000   -0.000000000   -0.000000000
    7.224000000   -0.000000000   -0.000000000
    7.308000000   -0.000000000   -0.000000000
    7.392000000   -0.000000000   -0.000000000
    7.476000000   -0.000000000   -0.000000000
    7.560000000   -0.000000000   -0.000000000
    7.644000000   -0.000000000   -0.000000000
    7.728000000   -0.000000000   -0.000000000
    7.812000000   -0.000000000   -0.000000000
    7.896000000   -0.000000000   -0.000000000
    7.980000000   -0.000000000   -0.000000000
    8.064000000   -0.000000000   -0.000000000
    8.148000000   -0.000000000   -0.000000000
    8.232000000   -0.000000000   -0.000000000
    8.316000000   -0.000000000   -0.000000000
    8.400000000   -0.000000000   -0.000000000
